測定局コード,日付,時,SO2(ppm),NO(ppm),NO2(ppm),NOx(ppm),CO(ppm),Ox(ppm),NMHC(ppmC),CH4(ppmC),THC(ppmC),SPM(mg/m3),PM2.5(ug/m3),SP(mg/m3),WD(16Dir),WS(m/s),TEMP(℃),HUM(％)
18202530,2017/01/01,01,,0.001,0.004,0.005,0.2,,0.03,1.93,1.96,0.005,,,S,0.5,,
18202530,2017/01/01,02,,0.001,0.005,0.006,0.2,,0.06,1.93,1.99,0.005,,,SE,1.8,,
18202530,2017/01/01,03,,0.001,0.004,0.005,0.2,,0.02,1.93,1.95,0.013,,,E,1.6,,
18202530,2017/01/01,04,,0.001,0.005,0.006,0.2,,0.03,1.92,1.95,0.006,,,SE,1.8,,
18202530,2017/01/01,05,,0.001,0.005,0.006,0.2,,0.02,1.94,1.96,0.001,,,SSE,0.9,,
18202530,2017/01/01,06,,0.001,0.003,0.004,0.2,,0.04,1.94,1.98,0.001,,,ESE,1.0,,
18202530,2017/01/01,07,,0.002,0.005,0.007,0.2,,0.04,1.94,1.98,0.012,,,NNE,0.9,,
18202530,2017/01/01,08,,0.002,0.006,0.008,0.3,,0.06,1.94,2.00,0.007,,,ESE,0.9,,
18202530,2017/01/01,09,,0.002,0.007,0.009,0.3,,0.08,1.94,2.02,0.008,,,ENE,0.8,,
18202530,2017/01/01,10,,0.002,0.006,0.008,0.3,,0.18,1.94,2.12,0.004,,,NE,1.7,,
18202530,2017/01/01,11,,0.003,0.006,0.009,0.3,,0.04,1.93,1.97,0.007,,,CALM,0.2,,
18202530,2017/01/01,12,,0.002,0.005,0.007,0.3,,0.09,1.93,2.02,0.005,,,E,1.1,,
18202530,2017/01/01,13,,0.002,0.007,0.009,0.2,,0.04,1.93,1.97,0.013,,,SSE,0.4,,
18202530,2017/01/01,14,,0.001,0.008,0.009,0.3,,0.06,1.94,2.00,0.011,,,WSW,1.1,,
18202530,2017/01/01,15,,0.002,0.007,0.009,0.3,,0.06,1.93,1.99,0.010,,,ENE,0.8,,
18202530,2017/01/01,16,,0.004,0.009,0.013,0.4,,0.09,1.94,2.03,0.011,,,NNW,1.4,,
18202530,2017/01/01,17,,0.004,0.010,0.014,0.4,,0.09,1.94,2.03,0.019,,,ESE,0.5,,
18202530,2017/01/01,18,,0.002,0.013,0.015,0.4,,0.17,1.96,2.13,0.014,,,E,0.8,,
18202530,2017/01/01,19,,0.002,0.008,0.010,0.3,,0.10,1.94,2.04,0.009,,,SE,1.4,,
18202530,2017/01/01,20,,0.002,0.005,0.007,0.3,,0.04,1.93,1.97,0.007,,,ESE,1.5,,
18202530,2017/01/01,21,,0.001,0.005,0.006,0.3,,0.02,1.93,1.95,0.011,,,SSE,0.3,,
18202530,2017/01/01,22,,0.001,0.005,0.006,0.3,,0.08,1.95,2.03,0.009,,,SE,0.7,,
18202530,2017/01/01,23,,0.002,0.005,0.007,0.3,,0.06,1.94,2.00,0.013,,,SSE,0.6,,
18202530,2017/01/01,24,,0.001,0.005,0.006,0.3,,0.04,1.95,1.99,0.010,,,SSE,1.3,,
18202530,2017/01/02,01,,0,0.002,0.002,0.2,,0.04,1.93,1.97,0.012,,,SSE,1.6,,
18202530,2017/01/02,02,,0,0.002,0.002,0.2,,0.04,1.94,1.98,0.009,,,S,1.3,,
18202530,2017/01/02,03,,0.001,0.005,0.006,0.2,,0.06,1.93,1.99,0.011,,,SSE,2.2,,
18202530,2017/01/02,04,,0,0.004,0.004,0.2,,0.04,1.94,1.98,0.014,,,SW,0.4,,
18202530,2017/01/02,05,,0.001,0.003,0.004,0.2,,0.07,1.95,2.02,0.011,,,SSW,1.9,,
18202530,2017/01/02,06,,0.001,0.004,0.005,0.3,,0.07,1.94,2.01,0.013,,,SSW,3.1,,
18202530,2017/01/02,07,,0.002,0.005,0.007,0.3,,0.04,1.94,1.98,0.015,,,SSE,2.1,,
18202530,2017/01/02,08,,0.003,0.004,0.007,0.2,,0.05,1.94,1.99,0.014,,,S,2.3,,
18202530,2017/01/02,09,,0.003,0.004,0.007,0.3,,0.05,1.94,1.99,0.014,,,SE,3.5,,
18202530,2017/01/02,10,,0.004,0.004,0.008,0.2,,0.03,1.94,1.97,0.020,,,SE,3.7,,
18202530,2017/01/02,11,,0.004,0.003,0.007,0.3,,0.03,1.94,1.97,0.006,,,SE,4.1,,
18202530,2017/01/02,12,,0.003,0.004,0.007,0.3,,0.02,1.94,1.96,0.006,,,SE,2.6,,
18202530,2017/01/02,13,,0.003,0.004,0.007,0.3,,0.01,1.94,1.95,0.006,,,SE,1.6,,
18202530,2017/01/02,14,,0.003,0.005,0.008,0.3,,0.02,1.94,1.96,0.018,,,SE,2.6,,
18202530,2017/01/02,15,,0.003,0.004,0.007,0.3,,0.04,1.93,1.97,0.017,,,ESE,2.0,,
18202530,2017/01/02,16,,0.003,0.005,0.008,0.3,,0.04,1.94,1.98,0.016,,,SE,1.8,,
18202530,2017/01/02,17,,0.002,0.005,0.007,0.3,,0.05,1.94,1.99,0.019,,,SE,2.5,,
18202530,2017/01/02,18,,0.001,0.004,0.005,0.3,,0.04,1.94,1.98,0.013,,,SSE,1.8,,
18202530,2017/01/02,19,,0.002,0.007,0.009,0.3,,0.07,1.95,2.02,0.018,,,SE,1.6,,
18202530,2017/01/02,20,,0.002,0.008,0.010,0.4,,0.07,1.95,2.02,0.015,,,ESE,1.0,,
18202530,2017/01/02,21,,0.002,0.009,0.011,0.3,,0.09,1.94,2.03,0.019,,,E,2.0,,
18202530,2017/01/02,22,,0.003,0.010,0.013,0.4,,0.07,1.95,2.02,0.019,,,SSE,0.6,,
18202530,2017/01/02,23,,0.003,0.009,0.012,0.4,,0.10,1.94,2.04,0.017,,,E,1.8,,
18202530,2017/01/02,24,,0.003,0.008,0.011,0.3,,0.10,1.96,2.06,0.018,,,ENE,1.6,,
18202530,2017/01/03,01,,0.001,0.006,0.007,0.3,,0.10,1.97,2.07,0.024,,,NW,1.5,,
18202530,2017/01/03,02,,0.001,0.003,0.004,0.3,,0.04,1.95,1.99,0.022,,,NE,1.6,,
18202530,2017/01/03,03,,0,0.005,0.005,0.3,,0.09,1.95,2.04,0.018,,,S,0.8,,
18202530,2017/01/03,04,,0,0.005,0.005,0.2,,0.07,1.96,2.03,0.017,,,SE,0.8,,
18202530,2017/01/03,05,,0.001,0.007,0.008,0.3,,0.06,1.95,2.01,0.017,,,ENE,1.1,,
18202530,2017/01/03,06,,0.001,0.004,0.005,0.2,,0.04,1.94,1.98,0.012,,,SE,0.9,,
18202530,2017/01/03,07,,0.003,0.008,0.011,0.3,,0.07,1.94,2.01,0.018,,,WNW,0.9,,
18202530,2017/01/03,08,,0.004,0.014,0.018,0.4,,0.08,1.95,2.03,0.011,,,WSW,0.5,,
18202530,2017/01/03,09,,0.002,0.012,0.014,0.4,,0.10,1.96,2.06,0.009,,,SSE,0.7,,
18202530,2017/01/03,10,,0.002,0.007,0.009,0.4,,0.06,1.97,2.03,0.015,,,NNW,2.0,,
18202530,2017/01/03,11,,0.004,0.010,0.014,0.4,,0.09,1.98,2.07,0.021,,,WSW,0.5,,
18202530,2017/01/03,12,,0.002,0.007,0.009,0.4,,0.09,1.97,2.06,0.025,,,NNW,2.5,,
18202530,2017/01/03,13,,0.003,0.005,0.008,0.4,,0.10,1.97,2.07,0.023,,,NW,2.8,,
18202530,2017/01/03,14,,0.003,0.005,0.008,0.4,,0.08,1.98,2.06,0.022,,,NNW,3.2,,
18202530,2017/01/03,15,,0.003,0.004,0.007,0.5,,0.06,1.99,2.05,0.022,,,NNW,3.3,,
18202530,2017/01/03,16,,0.003,0.005,0.008,0.5,,0.07,1.99,2.06,0.024,,,NW,2.4,,
18202530,2017/01/03,17,,0.003,0.006,0.009,0.5,,0.15,2.00,2.15,0.017,,,NW,2.3,,
18202530,2017/01/03,18,,0.003,0.009,0.012,0.5,,0.15,1.99,2.14,0.025,,,WNW,1.3,,
18202530,2017/01/03,19,,0.004,0.013,0.017,0.6,,0.15,2.00,2.15,0.031,,,SE,0.4,,
18202530,2017/01/03,20,,0.002,0.012,0.014,0.5,,0.15,2.00,2.15,0.027,,,ESE,1.0,,
18202530,2017/01/03,21,,0.002,0.008,0.010,0.4,,0.06,1.99,2.05,0.024,,,SE,0.3,,
18202530,2017/01/03,22,,0.002,0.007,0.009,0.6,,0.07,1.98,2.05,0.025,,,SE,0.5,,
18202530,2017/01/03,23,,0.001,0.005,0.006,0.4,,0.06,1.99,2.05,0.024,,,SSW,1.4,,
18202530,2017/01/03,24,,0.001,0.007,0.008,0.5,,0.10,1.99,2.09,0.024,,,SSE,1.0,,
18202530,2017/01/04,01,,0.001,0.005,0.006,0.4,,0.07,1.99,2.06,0.028,,,SE,0.4,,
18202530,2017/01/04,02,,0,0.004,0.004,0.4,,0.11,1.99,2.10,0.019,,,S,1.8,,
18202530,2017/01/04,03,,0,0.002,0.002,0.3,,0.07,1.98,2.05,0.026,,,S,1.6,,
18202530,2017/01/04,04,,0,0.002,0.002,0.3,,0.08,1.98,2.06,0.024,,,SW,1.0,,
18202530,2017/01/04,05,,0,0.002,0.002,0.3,,0.06,1.98,2.04,0.022,,,S,1.1,,
18202530,2017/01/04,06,,0.002,0.005,0.007,0.3,,0.05,1.98,2.03,0.025,,,SSE,2.0,,
18202530,2017/01/04,07,,0.001,0.004,0.005,0.3,,0.06,1.98,2.04,0.025,,,SE,3.4,,
18202530,2017/01/04,08,,0.006,0.008,0.014,0.5,,0.10,1.98,2.08,0.029,,,ESE,2.1,,
18202530,2017/01/04,09,,0.004,0.007,0.011,0.4,,0.07,1.97,2.04,0.026,,,SE,2.7,,
18202530,2017/01/04,10,,0.009,0.012,0.021,0.5,,0.13,1.98,2.11,0.032,,,SE,1.4,,
18202530,2017/01/04,11,,0.008,0.013,0.021,0.5,,0.14,1.98,2.12,0.029,,,S,1.5,,
18202530,2017/01/04,12,,0.006,0.009,0.015,0.4,,0.12,1.99,2.11,0.028,,,NNW,5.3,,
18202530,2017/01/04,13,,0.004,0.004,0.008,0.4,,0.09,1.97,2.06,0.023,,,NNW,4.7,,
18202530,2017/01/04,14,,0.004,0.006,0.010,0.3,,0.05,1.96,2.01,0.027,,,NNW,4.4,,
18202530,2017/01/04,15,,0.003,0.005,0.008,0.3,,0.05,1.95,2.00,0.026,,,N,6.0,,
18202530,2017/01/04,16,,0.003,0.005,0.008,0.3,,0.03,1.95,1.98,0.017,,,N,5.7,,
18202530,2017/01/04,17,,0.004,0.004,0.008,0.3,,0.04,1.95,1.99,0.019,,,N,4.9,,
18202530,2017/01/04,18,,0.005,0.005,0.010,0.3,,0.05,1.96,2.01,0.009,,,N,4.8,,
18202530,2017/01/04,19,,0.003,0.004,0.007,0.3,,0.04,1.96,2.00,0.017,,,N,4.2,,
18202530,2017/01/04,20,,0.003,0.004,0.007,0.3,,0.05,1.95,2.00,0.019,,,N,4.0,,
18202530,2017/01/04,21,,0.003,0.006,0.009,0.3,,0.04,1.95,1.99,0.022,,,NNE,4.3,,
18202530,2017/01/04,22,,0.003,0.006,0.009,0.3,,0.05,1.96,2.01,0.020,,,N,2.6,,
18202530,2017/01/04,23,,0.002,0.005,0.007,0.3,,0.03,1.95,1.98,0.024,,,NNE,3.4,,
18202530,2017/01/04,24,,0.003,0.005,0.008,0.3,,,,,0.024,,,NNE,2.9,,
18202530,2017/01/05,01,,0.002,0.004,0.006,0.2,,,,,0.014,,,N,3.7,,
18202530,2017/01/05,02,,0.001,0.004,0.005,0.2,,0.02,1.94,1.96,0.014,,,N,4.1,,
18202530,2017/01/05,03,,0.002,0.004,0.006,0.2,,0.02,1.95,1.97,0.015,,,NNE,3.3,,
18202530,2017/01/05,04,,0.001,0.002,0.003,0.2,,0.01,1.94,1.95,0.016,,,N,3.4,,
18202530,2017/01/05,05,,0.002,0.003,0.005,0.2,,0.01,1.94,1.95,0.015,,,NNW,4.7,,
18202530,2017/01/05,06,,0.003,0.004,0.007,0.2,,0.03,1.95,1.98,0.018,,,NNW,3.9,,
18202530,2017/01/05,07,,0.004,0.004,0.008,0.2,,0.02,1.95,1.97,0.014,,,NNW,4.6,,
18202530,2017/01/05,08,,0.009,0.008,0.017,0.3,,0.06,1.95,2.01,0.016,,,N,5.4,,
18202530,2017/01/05,09,,0.009,0.009,0.018,0.3,,0.03,1.95,1.98,0.014,,,N,6.0,,
18202530,2017/01/05,10,,0.006,0.006,0.012,0.3,,0.03,1.95,1.98,0.014,,,NNW,6.3,,
18202530,2017/01/05,11,,0.006,0.006,0.012,0.2,,0.06,1.95,2.01,0.007,,,NNW,4.9,,
18202530,2017/01/05,12,,0.007,0.006,0.013,0.2,,0.01,1.94,1.95,0.013,,,NNW,5.1,,
18202530,2017/01/05,13,,0.007,0.005,0.012,0.2,,0.04,1.95,1.99,0.012,,,NNW,5.7,,
18202530,2017/01/05,14,,0.009,0.006,0.015,0.2,,0.01,1.95,1.96,0.008,,,NNW,4.3,,
18202530,2017/01/05,15,,0.008,0.007,0.015,0.2,,0.03,1.96,1.99,0.021,,,NNE,3.3,,
18202530,2017/01/05,16,,0.011,0.008,0.019,0.3,,0.05,1.96,2.01,0.014,,,NNW,4.8,,
18202530,2017/01/05,17,,0.007,0.005,0.012,0.3,,0.04,1.96,2.00,0.014,,,NNW,5.3,,
18202530,2017/01/05,18,,0.007,0.008,0.015,0.3,,0.03,1.96,1.99,0.009,,,NNW,3.7,,
18202530,2017/01/05,19,,0.005,0.006,0.011,0.3,,0.03,1.96,1.99,0.009,,,NW,3.6,,
18202530,2017/01/05,20,,0.005,0.004,0.009,0.3,,0.06,1.96,2.02,0.008,,,N,4.7,,
18202530,2017/01/05,21,,0.004,0.005,0.009,0.2,,0.03,1.96,1.99,0.017,,,NNW,4.1,,
18202530,2017/01/05,22,,0.003,0.004,0.007,0.2,,0.03,1.96,1.99,0.015,,,NNW,3.5,,
18202530,2017/01/05,23,,0.003,0.003,0.006,0.2,,0.02,1.95,1.97,0.014,,,N,4.2,,
18202530,2017/01/05,24,,0.003,0.004,0.007,0.2,,0,1.96,1.96,0.006,,,NNW,4.5,,
18202530,2017/01/06,01,,0.003,0.003,0.006,,,0,1.95,1.95,0.011,,,NNW,4.2,,
18202530,2017/01/06,02,,,,,0.2,,0,1.94,1.94,0.008,,,NNW,4.6,,
18202530,2017/01/06,03,,,,,,,,,,,,,,,,
18202530,2017/01/06,04,,0.003,0.005,0.008,0.2,,0.03,1.95,1.98,0.003,,,N,2.9,,
18202530,2017/01/06,05,,0.006,0.004,0.010,0.2,,0.03,1.95,1.98,0.007,,,N,2.0,,
18202530,2017/01/06,06,,0.005,0.006,0.011,0.2,,0.02,1.95,1.97,0.008,,,NNW,4.4,,
18202530,2017/01/06,07,,0.009,0.005,0.014,0.2,,0,1.95,1.95,0.002,,,NNW,4.1,,
18202530,2017/01/06,08,,0.013,0.012,0.025,0.3,,0.02,1.95,1.97,0.009,,,N,3.8,,
18202530,2017/01/06,09,,0.015,0.011,0.026,0.3,,0.02,1.96,1.98,0.002,,,N,3.0,,
18202530,2017/01/06,10,,0.014,0.008,0.022,0.2,,0.03,1.95,1.98,0.006,,,NNW,4.5,,
18202530,2017/01/06,11,,0.014,0.010,0.024,0.2,,0.03,1.95,1.98,0.005,,,N,2.6,,
18202530,2017/01/06,12,,0.012,0.007,0.019,0.2,,0.03,1.94,1.97,0.003,,,NNE,2.9,,
18202530,2017/01/06,13,,0.012,0.004,0.016,0.2,,0.04,1.95,1.99,0.005,,,N,3.3,,
18202530,2017/01/06,14,,0.010,0.006,0.016,0.2,,0.04,1.94,1.98,0.005,,,NNW,3.9,,
18202530,2017/01/06,15,,0.009,0.009,0.018,0.2,,0.02,1.94,1.96,0.003,,,N,3.6,,
18202530,2017/01/06,16,,0.010,0.008,0.018,0.2,,0.02,1.94,1.96,0.006,,,NNW,3.0,,
18202530,2017/01/06,17,,0.018,0.021,0.039,0.3,,0.04,1.94,1.98,0.006,,,NNW,2.2,,
18202530,2017/01/06,18,,0.011,0.019,0.030,0.4,,0.10,1.95,2.05,0.009,,,N,2.7,,
18202530,2017/01/06,19,,0.006,0.019,0.025,0.4,,0.08,1.95,2.03,0.012,,,S,1.1,,
18202530,2017/01/06,20,,0.007,0.019,0.026,0.3,,0.10,1.96,2.06,0.010,,,SSE,1.2,,
18202530,2017/01/06,21,,0.007,0.023,0.030,0.3,,0.06,1.95,2.01,0.010,,,SE,1.0,,
18202530,2017/01/06,22,,0.005,0.020,0.025,0.2,,0.05,1.94,1.99,0.008,,,ESE,1.3,,
18202530,2017/01/06,23,,0.004,0.020,0.024,0.2,,0.04,1.94,1.98,0.012,,,SE,0.8,,
18202530,2017/01/06,24,,0.005,0.020,0.025,0.2,,0.04,1.94,1.98,0.009,,,SE,1.0,,
18202530,2017/01/07,01,,0.005,0.021,0.026,0.2,,0.04,1.94,1.98,0.004,,,SE,1.4,,
18202530,2017/01/07,02,,0.004,0.021,0.025,0.2,,0.03,1.94,1.97,0.008,,,SE,0.6,,
18202530,2017/01/07,03,,0.006,0.022,0.028,0.2,,0.05,1.95,2.00,0.006,,,SE,1.1,,
18202530,2017/01/07,04,,0.006,0.021,0.027,0.2,,0.02,1.93,1.95,0.001,,,SSE,0.9,,
18202530,2017/01/07,05,,0.006,0.016,0.022,0.2,,0.07,1.97,2.04,0.009,,,SSE,0.4,,
18202530,2017/01/07,06,,0.010,0.020,0.030,0.2,,0.07,1.97,2.04,0.003,,,SSE,1.0,,
18202530,2017/01/07,07,,0.009,0.020,0.029,0.3,,0.08,1.97,2.05,0.006,,,SE,0.5,,
18202530,2017/01/07,08,,0.022,0.022,0.044,0.4,,0.11,1.97,2.08,0.011,,,SE,1.1,,
18202530,2017/01/07,09,,0.018,0.017,0.035,0.5,,0.14,1.98,2.12,0.012,,,SE,1.0,,
18202530,2017/01/07,10,,0.011,0.013,0.024,0.3,,0.08,1.96,2.04,0.007,,,CALM,0.2,,
18202530,2017/01/07,11,,0.009,0.010,0.019,0.3,,0.06,1.95,2.01,0.001,,,NNW,1.4,,
18202530,2017/01/07,12,,0.017,0.014,0.031,0.2,,0.05,1.93,1.98,0.005,,,N,2.0,,
18202530,2017/01/07,13,,0.011,0.009,0.020,0.2,,0.02,1.94,1.96,0.004,,,NNW,1.7,,
18202530,2017/01/07,14,,0.011,0.010,0.021,0.2,,0.01,1.93,1.94,0.007,,,N,1.7,,
18202530,2017/01/07,15,,0.010,0.012,0.022,0.2,,0.01,1.93,1.94,0.005,,,W,3.0,,
18202530,2017/01/07,16,,0.006,0.011,0.017,0.2,,0.02,1.92,1.94,0.004,,,WNW,2.6,,
18202530,2017/01/07,17,,0.001,0.006,0.007,0.2,,0.02,1.93,1.95,0.007,,,WSW,1.5,,
18202530,2017/01/07,18,,0.001,0.007,0.008,0.3,,0.05,1.92,1.97,0.011,,,S,0.9,,
18202530,2017/01/07,19,,0.004,0.016,0.020,0.3,,0.08,1.93,2.01,0.004,,,SE,1.3,,
18202530,2017/01/07,20,,0.004,0.014,0.018,0.3,,0.05,1.92,1.97,0.003,,,SE,1.3,,
18202530,2017/01/07,21,,0.004,0.013,0.017,0.2,,0.05,1.92,1.97,0.008,,,SE,0.6,,
18202530,2017/01/07,22,,0.004,0.013,0.017,0.2,,0.04,1.93,1.97,0.009,,,ESE,1.8,,
18202530,2017/01/07,23,,0.003,0.011,0.014,0.2,,0.06,1.92,1.98,0.008,,,S,0.4,,
18202530,2017/01/07,24,,0.001,0.011,0.012,0.2,,0.04,1.92,1.96,0.007,,,ESE,1.3,,
18202530,2017/01/08,01,,0.002,0.011,0.013,0.2,,0.03,1.94,1.97,0.003,,,ESE,1.5,,
18202530,2017/01/08,02,,0.002,0.011,0.013,0.2,,0.03,1.92,1.95,0.011,,,SE,0.4,,
18202530,2017/01/08,03,,0.001,0.009,0.010,0.2,,0.03,1.93,1.96,0.010,,,SE,1.3,,
18202530,2017/01/08,04,,0.002,0.008,0.010,0.2,,0.04,1.92,1.96,0.004,,,SE,0.7,,
18202530,2017/01/08,05,,0.002,0.008,0.010,0.2,,0.04,1.93,1.97,0.001,,,S,0.3,,
18202530,2017/01/08,06,,0.004,0.010,0.014,0.2,,0.08,1.96,2.04,0.003,,,ESE,1.7,,
18202530,2017/01/08,07,,0.001,0.007,0.008,0.2,,0.05,1.92,1.97,0.004,,,CALM,0.2,,
18202530,2017/01/08,08,,0.004,0.009,0.013,0.3,,0.05,1.92,1.97,0.004,,,SE,0.8,,
18202530,2017/01/08,09,,0.004,0.010,0.014,0.3,,0.08,1.92,2.00,0.005,,,CALM,0,,
18202530,2017/01/08,10,,0.009,0.014,0.023,0.4,,0.13,1.94,2.07,0.005,,,SSW,0.5,,
18202530,2017/01/08,11,,0.006,0.012,0.018,0.4,,0.13,1.94,2.07,0.015,,,SSE,0.3,,
18202530,2017/01/08,12,,0.002,0.007,0.009,0.3,,0.05,1.93,1.98,0.011,,,SSW,0.5,,
18202530,2017/01/08,13,,0.002,0.010,0.012,0.3,,0.08,1.93,2.01,0.015,,,SSW,0.4,,
18202530,2017/01/08,14,,0.006,0.014,0.020,0.4,,0.12,1.92,2.04,0.008,,,CALM,0.1,,
18202530,2017/01/08,15,,0.009,0.018,0.027,0.4,,0.34,1.92,2.26,0.014,,,ESE,0.5,,
18202530,2017/01/08,16,,0.012,0.018,0.030,0.3,,0.10,1.91,2.01,0.006,,,ENE,0.7,,
18202530,2017/01/08,17,,0.005,0.014,0.019,0.3,,0.09,1.91,2.00,0.010,,,WSW,0.9,,
18202530,2017/01/08,18,,0.001,0.013,0.014,0.3,,0.10,1.91,2.01,0.015,,,SW,0.8,,
18202530,2017/01/08,19,,0.002,0.012,0.014,0.3,,0.11,1.91,2.02,0.008,,,W,1.3,,
18202530,2017/01/08,20,,0.007,0.010,0.017,0.2,,0.06,1.89,1.95,0.008,,,WNW,2.7,,
18202530,2017/01/08,21,,0.002,0.007,0.009,0.2,,0.03,1.90,1.93,0.011,,,WNW,1.8,,
18202530,2017/01/08,22,,0.002,0.007,0.009,0.2,,0.02,1.89,1.91,0.003,,,WSW,1.5,,
18202530,2017/01/08,23,,0,0.003,0.003,0.1,,0.02,1.90,1.92,0.002,,,SW,1.5,,
18202530,2017/01/08,24,,0.001,0.005,0.006,0.2,,0.01,1.88,1.89,0,,,WNW,2.2,,
18202530,2017/01/09,01,,0.001,0.003,0.004,0.1,,0.03,1.88,1.91,0.002,,,N,2.5,,
18202530,2017/01/09,02,,0.003,0.003,0.006,0.1,,0.02,1.88,1.90,0,,,NNW,2.1,,
18202530,2017/01/09,03,,0.001,0.002,0.003,0.1,,0.05,1.88,1.93,0.004,,,NNW,2.9,,
18202530,2017/01/09,04,,0.003,0.005,0.008,0.1,,0.07,1.87,1.94,0.001,,,WNW,1.6,,
18202530,2017/01/09,05,,0.002,0.006,0.008,0.1,,0.07,1.88,1.95,0.008,,,NNE,1.8,,
18202530,2017/01/09,06,,0.001,0.005,0.006,0.2,,0.06,1.88,1.94,0.006,,,SW,0.3,,
18202530,2017/01/09,07,,0.001,0.009,0.010,0.3,,0.05,1.90,1.95,0.004,,,S,0.6,,
18202530,2017/01/09,08,,0.011,0.019,0.030,0.3,,0.11,1.92,2.03,0.012,,,CALM,0.2,,
18202530,2017/01/09,09,,0.017,0.025,0.042,0.5,,0.22,1.93,2.15,0.012,,,S,0.6,,
18202530,2017/01/09,10,,0.012,0.019,0.031,0.4,,0.21,1.91,2.12,0.014,,,SE,0.4,,
18202530,2017/01/09,11,,0.010,0.016,0.026,0.3,,0.10,1.92,2.02,0.012,,,NW,1.5,,
18202530,2017/01/09,12,,0.012,0.012,0.024,0.3,,0.06,1.90,1.96,0.009,,,NNE,1.3,,
18202530,2017/01/09,13,,0.008,0.010,0.018,0.3,,0.04,1.91,1.95,0.011,,,N,1.5,,
18202530,2017/01/09,14,,0.004,0.008,0.012,0.2,,0.02,1.91,1.93,0.011,,,WSW,1.6,,
18202530,2017/01/09,15,,0.009,0.015,0.024,0.3,,0.06,1.91,1.97,0.005,,,NE,2.2,,
18202530,2017/01/09,16,,0.006,0.009,0.015,0.3,,0.05,1.92,1.97,0.007,,,WNW,4.2,,
18202530,2017/01/09,17,,0.004,0.007,0.011,0.3,,0.04,1.92,1.96,0.001,,,W,5.0,,
18202530,2017/01/09,18,,0.005,0.007,0.012,0.3,,0.01,1.92,1.93,0.004,,,NW,3.0,,
18202530,2017/01/09,19,,0.006,0.008,0.014,0.2,,0.06,1.91,1.97,0.008,,,NW,2.8,,
18202530,2017/01/09,20,,0.007,0.008,0.015,0.2,,0.11,1.92,2.03,0.005,,,NNW,2.6,,
18202530,2017/01/09,21,,0.005,0.005,0.010,0.2,,0.04,1.91,1.95,0.004,,,NNW,2.9,,
18202530,2017/01/09,22,,0.007,0.009,0.016,0.2,,0.07,1.92,1.99,0.011,,,NNW,2.8,,
18202530,2017/01/09,23,,0.003,0.007,0.010,0.2,,0.05,1.91,1.96,0.006,,,W,1.9,,
18202530,2017/01/09,24,,0.001,0.003,0.004,0.2,,0.01,1.93,1.94,0.002,,,WSW,2.1,,
18202530,2017/01/10,01,,0.005,0.007,0.012,0.2,,0.05,1.93,1.98,0.003,,,NNW,1.8,,
18202530,2017/01/10,02,,0.003,0.014,0.017,0.2,,0.06,1.94,2.00,0.008,,,SSW,1.1,,
18202530,2017/01/10,03,,0.003,0.009,0.012,0.2,,0.06,1.95,2.01,0.001,,,SSW,1.6,,
18202530,2017/01/10,04,,0.002,0.008,0.010,0.2,,0.04,1.96,2.00,0.003,,,SSW,1.2,,
18202530,2017/01/10,05,,0.002,0.007,0.009,0.3,,0.05,1.95,2.00,0.019,,,SE,1.1,,
18202530,2017/01/10,06,,0.005,0.015,0.020,0.4,,0.06,1.95,2.01,0.009,,,WNW,1.1,,
18202530,2017/01/10,07,,0.009,0.016,0.025,0.3,,0.06,1.94,2.00,0.014,,,ESE,1.2,,
18202530,2017/01/10,08,,0.020,0.027,0.047,0.5,,0.06,1.95,2.01,0.009,,,ESE,1.0,,
18202530,2017/01/10,09,,0.014,0.021,0.035,0.4,,0.04,1.94,1.98,0.014,,,SE,0.8,,
18202530,2017/01/10,10,,0.016,0.022,0.038,0.4,,0.06,1.95,2.01,0.006,,,ESE,1.7,,
18202530,2017/01/10,11,,0.008,0.009,0.017,0.3,,0.07,1.95,2.02,0.001,,,ESE,2.6,,
18202530,2017/01/10,12,,0.007,0.008,0.015,0.3,,0.03,1.94,1.97,0.005,,,W,2.0,,
18202530,2017/01/10,13,,0.003,0.005,0.008,0.3,,0.02,1.93,1.95,0.008,,,WNW,2.7,,
18202530,2017/01/10,14,,0.004,0.007,0.011,0.3,,0.02,1.93,1.95,0.008,,,WNW,3.6,,
18202530,2017/01/10,15,,0.007,0.011,0.018,0.3,,0.02,1.92,1.94,0.016,,,WNW,2.8,,
18202530,2017/01/10,16,,0.006,0.008,0.014,0.3,,0.02,1.92,1.94,0.012,,,WNW,5.8,,
18202530,2017/01/10,17,,0.005,0.008,0.013,0.2,,0.03,1.93,1.96,0.025,,,NW,5.0,,
18202530,2017/01/10,18,,0.010,0.012,0.022,0.3,,0.06,1.92,1.98,0.011,,,NW,2.9,,
18202530,2017/01/10,19,,0.006,0.009,0.015,0.2,,0.06,1.92,1.98,0.014,,,NW,5.4,,
18202530,2017/01/10,20,,0.005,0.006,0.011,0.2,,0.08,1.92,2.00,0.012,,,NNW,6.0,,
18202530,2017/01/10,21,,0.003,0.004,0.007,0.2,,0.06,1.92,1.98,0.014,,,NNW,4.1,,
18202530,2017/01/10,22,,0.003,0.004,0.007,0.2,,0.04,1.92,1.96,0.006,,,NW,4.8,,
18202530,2017/01/10,23,,0.003,0.004,0.007,0.2,,0.05,1.93,1.98,0.008,,,NW,4.3,,
18202530,2017/01/10,24,,0.002,0.002,0.004,0.2,,0.07,1.92,1.99,0.009,,,NNW,4.5,,
18202530,2017/01/11,01,,0.005,0.005,0.010,0.2,,0.04,1.92,1.96,0.013,,,NW,3.2,,
18202530,2017/01/11,02,,0.004,0.004,0.008,0.2,,0.06,1.92,1.98,0.013,,,NNW,1.5,,
18202530,2017/01/11,03,,0.005,0.006,0.011,0.2,,0.05,1.92,1.97,0.009,,,SE,1.1,,
18202530,2017/01/11,04,,0.004,0.007,0.011,0.2,,0,1.93,1.93,0.007,,,NE,0.7,,
18202530,2017/01/11,05,,0.003,0.010,0.013,0.2,,0.03,1.92,1.95,0.010,,,SE,1.1,,
18202530,2017/01/11,06,,0.007,0.017,0.024,0.2,,0.03,1.94,1.97,0.006,,,SSE,1.1,,
18202530,2017/01/11,07,,0.002,0.008,0.010,0.2,,0.03,1.93,1.96,0.005,,,W,2.3,,
18202530,2017/01/11,08,,0.036,0.033,0.069,0.5,,0.08,1.93,2.01,0.012,,,SSE,0.5,,
18202530,2017/01/11,09,,0.011,0.018,0.029,0.4,,0.13,1.93,2.06,0.007,,,W,3.1,,
18202530,2017/01/11,10,,0.014,0.015,0.029,0.3,,0.02,1.92,1.94,0.004,,,NNW,1.5,,
18202530,2017/01/11,11,,0.013,0.017,0.030,0.3,,0.06,1.93,1.99,0.003,,,W,1.8,,
18202530,2017/01/11,12,,0.020,0.019,0.039,0.3,,0.06,1.93,1.99,0.008,,,WNW,3.4,,
18202530,2017/01/11,13,,0.007,0.010,0.017,0.2,,0.02,1.92,1.94,0.004,,,NW,2.6,,
18202530,2017/01/11,14,,0.012,0.010,0.022,0.2,,0.04,1.93,1.97,0.007,,,NW,4.2,,
18202530,2017/01/11,15,,0.009,0.009,0.018,0.2,,0.02,1.92,1.94,0.005,,,NW,5.0,,
18202530,2017/01/11,16,,0.009,0.008,0.017,0.2,,0.05,1.93,1.98,0.004,,,WNW,5.2,,
18202530,2017/01/11,17,,0.010,0.011,0.021,0.2,,0.01,1.93,1.94,0.002,,,NNW,5.1,,
18202530,2017/01/11,18,,0.009,0.009,0.018,0.3,,0.07,1.93,2.00,0.005,,,WNW,4.0,,
18202530,2017/01/11,19,,0.009,0.009,0.018,0.3,,0.05,1.92,1.97,0.003,,,W,3.0,,
18202530,2017/01/11,20,,0.004,0.006,0.010,0.2,,0.05,1.92,1.97,0.005,,,W,2.4,,
18202530,2017/01/11,21,,0.002,0.006,0.008,0.2,,0.03,1.93,1.96,0.004,,,W,2.5,,
18202530,2017/01/11,22,,0.002,0.006,0.008,0.2,,0.01,1.92,1.93,0.009,,,WNW,3.8,,
18202530,2017/01/11,23,,0.003,0.003,0.006,0.2,,0.02,1.92,1.94,0.005,,,W,4.0,,
18202530,2017/01/11,24,,0.003,0.006,0.009,0.2,,,,,0.003,,,WSW,4.5,,
18202530,2017/01/12,01,,0.002,0.006,0.008,0.2,,,,,0.002,,,W,2.7,,
18202530,2017/01/12,02,,0.003,0.005,0.008,0.2,,0.02,1.92,1.94,0.003,,,W,4.9,,
18202530,2017/01/12,03,,0,0.001,0.001,0.1,,0.02,1.92,1.94,0.006,,,W,4.2,,
18202530,2017/01/12,04,,0,0.001,0.001,0.1,,0.03,1.92,1.95,0.003,,,W,3.3,,
18202530,2017/01/12,05,,0.003,0.006,0.009,0.2,,0.01,1.93,1.94,0.005,,,NW,0.5,,
18202530,2017/01/12,06,,0.007,0.021,0.028,0.2,,0.03,1.93,1.96,0.006,,,W,3.1,,
18202530,2017/01/12,07,,0.002,0.006,0.008,0.2,,0.02,1.92,1.94,0.005,,,WSW,3.2,,
18202530,2017/01/12,08,,0.020,0.020,0.040,0.4,,0.04,1.93,1.97,0.008,,,NW,1.8,,
18202530,2017/01/12,09,,0.017,0.020,0.037,0.4,,0.05,1.93,1.98,0.004,,,NW,2.7,,
18202530,2017/01/12,10,,0.024,0.022,0.046,0.3,,0.08,1.93,2.01,0.012,,,WSW,2.7,,
18202530,2017/01/12,11,,0.007,0.014,0.021,0.2,,0.06,1.94,2.00,0.005,,,NW,1.5,,
18202530,2017/01/12,12,,0.013,0.016,0.029,0.3,,0.05,1.93,1.98,0.008,,,WNW,2.0,,
18202530,2017/01/12,13,,0.003,0.006,0.009,0.2,,0.05,1.94,1.99,0.009,,,WSW,4.4,,
18202530,2017/01/12,14,,0.002,0.005,0.007,0.2,,0.03,1.94,1.97,0.006,,,WSW,4.1,,
18202530,2017/01/12,15,,0.001,0.005,0.006,0.2,,0.04,1.94,1.98,0.008,,,WSW,4.1,,
18202530,2017/01/12,16,,0.002,0.005,0.007,0.2,,0.05,1.94,1.99,0.018,,,WSW,5.8,,
18202530,2017/01/12,17,,0.004,0.010,0.014,0.3,,0.04,1.94,1.98,0.017,,,W,5.3,,
18202530,2017/01/12,18,,0,0.004,0.004,0.3,,0.04,1.94,1.98,0.013,,,WSW,2.6,,
18202530,2017/01/12,19,,0.010,0.017,0.027,0.5,,0.06,1.94,2.00,0.021,,,W,1.9,,
18202530,2017/01/12,20,,0.007,0.015,0.022,0.4,,0.08,1.94,2.02,0.018,,,ESE,1.8,,
18202530,2017/01/12,21,,0.006,0.018,0.024,0.3,,0.10,1.94,2.04,0.010,,,ESE,1.7,,
18202530,2017/01/12,22,,0.004,0.015,0.019,0.3,,0.07,1.94,2.01,0.011,,,NE,1.7,,
18202530,2017/01/12,23,,0.002,0.014,0.016,0.3,,0.08,1.94,2.02,0.015,,,SSE,2.3,,
18202530,2017/01/12,24,,0.003,0.008,0.011,0.3,,0.06,1.94,2.00,0.015,,,ESE,0.8,,
18202530,2017/01/13,01,,0.011,0.016,0.027,,,0.04,1.93,1.97,0.017,,,SE,0.8,,
18202530,2017/01/13,02,,,,,0.3,,0.06,1.95,2.01,0.014,,,WSW,2.7,,
18202530,2017/01/13,03,,,,,,,,,,,,,,,,
18202530,2017/01/13,04,,0.001,0.005,0.006,0.3,,0.02,1.94,1.96,0.019,,,W,1.9,,
18202530,2017/01/13,05,,0.002,0.004,0.006,0.3,,0.03,1.94,1.97,0.019,,,W,4.5,,
18202530,2017/01/13,06,,0,0.003,0.003,0.3,,0.03,1.94,1.97,0.012,,,W,4.4,,
18202530,2017/01/13,07,,0.002,0.005,0.007,0.3,,0.03,1.93,1.96,0.014,,,W,2.7,,
18202530,2017/01/13,08,,0.001,0.005,0.006,0.3,,0.04,1.92,1.96,0.011,,,W,4.1,,
18202530,2017/01/13,09,,0.001,0.005,0.006,0.3,,0.04,1.92,1.96,0.017,,,WSW,4.0,,
18202530,2017/01/13,10,,0.001,0.003,0.004,0.2,,0.03,1.92,1.95,0.006,,,WSW,5.4,,
18202530,2017/01/13,11,,0.008,0.009,0.017,0.2,,0.03,1.92,1.95,0.006,,,W,6.1,,
18202530,2017/01/13,12,,0.003,0.005,0.008,0.2,,0.04,1.92,1.96,0.007,,,WNW,3.2,,
18202530,2017/01/13,13,,0.004,0.006,0.010,0.2,,0.02,1.92,1.94,0.006,,,WNW,2.7,,
18202530,2017/01/13,14,,0.009,0.010,0.019,0.2,,0.03,1.92,1.95,0.002,,,WNW,4.1,,
18202530,2017/01/13,15,,0.010,0.009,0.019,0.2,,0.04,1.92,1.96,0.007,,,NNW,4.8,,
18202530,2017/01/13,16,,0.006,0.006,0.012,0.2,,0.05,1.92,1.97,0.006,,,WNW,3.5,,
18202530,2017/01/13,17,,0.013,0.017,0.030,0.3,,0.05,1.92,1.97,0.008,,,W,3.1,,
18202530,2017/01/13,18,,0.002,0.005,0.007,0.3,,0.03,1.93,1.96,0.014,,,WSW,4.9,,
18202530,2017/01/13,19,,0.001,0.004,0.005,0.3,,0.04,1.94,1.98,0.011,,,WSW,5.2,,
18202530,2017/01/13,20,,0.003,0.008,0.011,0.3,,0.04,1.94,1.98,0.007,,,W,3.6,,
18202530,2017/01/13,21,,0,0.003,0.003,0.3,,0.02,1.94,1.96,0.013,,,WSW,2.5,,
18202530,2017/01/13,22,,0.001,0.005,0.006,0.3,,0.02,1.94,1.96,0.008,,,NW,0.7,,
18202530,2017/01/13,23,,0.004,0.007,0.011,0.3,,0.04,1.94,1.98,0.015,,,W,2.6,,
18202530,2017/01/13,24,,0,0.003,0.003,0.3,,0.03,1.94,1.97,0.010,,,SW,1.4,,
18202530,2017/01/14,01,,0.002,0.005,0.007,0.3,,0.03,1.94,1.97,0.005,,,CALM,0,,
18202530,2017/01/14,02,,0.006,0.008,0.014,0.2,,0.04,1.93,1.97,0.009,,,W,6.2,,
18202530,2017/01/14,03,,0.002,0.003,0.005,0.2,,0.01,1.92,1.93,0.003,,,NNW,3.4,,
18202530,2017/01/14,04,,0.002,0.003,0.005,0.2,,0.02,1.93,1.95,0.007,,,NNW,3.7,,
18202530,2017/01/14,05,,0.004,0.005,0.009,0.2,,0.02,1.93,1.95,0.006,,,W,5.1,,
18202530,2017/01/14,06,,0.002,0.004,0.006,0.2,,0.01,1.93,1.94,0.001,,,W,3.7,,
18202530,2017/01/14,07,,0.008,0.008,0.016,0.2,,0.04,1.93,1.97,0.007,,,NNW,4.9,,
18202530,2017/01/14,08,,0.012,0.010,0.022,0.2,,0.03,1.93,1.96,0.008,,,NNW,5.2,,
18202530,2017/01/14,09,,0.008,0.007,0.015,0.2,,0.05,1.94,1.99,0.007,,,NNW,4.3,,
18202530,2017/01/14,10,,0.009,0.006,0.015,0.2,,0.06,1.94,2.00,0.004,,,NW,3.5,,
18202530,2017/01/14,11,,0.007,0.004,0.011,0.2,,0.06,1.94,2.00,0.008,,,NW,4.5,,
18202530,2017/01/14,12,,0.008,0.005,0.013,0.2,,0.06,1.94,2.00,0.008,,,NNW,4.4,,
18202530,2017/01/14,13,,0.007,0.004,0.011,0.2,,0.06,1.94,2.00,0.001,,,NNW,5.0,,
18202530,2017/01/14,14,,0.006,0.004,0.010,0.2,,0.06,1.94,2.00,0.010,,,NNW,5.0,,
18202530,2017/01/14,15,,0.007,0.005,0.012,0.2,,0.06,1.95,2.01,0.004,,,NNW,5.4,,
18202530,2017/01/14,16,,0.005,0.005,0.010,0.2,,0.06,1.95,2.01,0.004,,,NW,5.0,,
18202530,2017/01/14,17,,0.005,0.004,0.009,0.2,,0.05,1.95,2.00,0.002,,,NNW,6.1,,
18202530,2017/01/14,18,,0.005,0.004,0.009,0.2,,0.05,1.95,2.00,0.009,,,NW,7.1,,
18202530,2017/01/14,19,,0.003,0.003,0.006,0.2,,0.04,1.95,1.99,0.007,,,NW,5.2,,
18202530,2017/01/14,20,,0.003,0.002,0.005,0.2,,0.04,1.95,1.99,0.003,,,NNW,5.4,,
18202530,2017/01/14,21,,0.002,0.002,0.004,0.2,,0.06,1.96,2.02,0.003,,,NW,6.6,,
18202530,2017/01/14,22,,0.002,0.002,0.004,0.2,,0.05,1.96,2.01,0.004,,,NW,6.7,,
18202530,2017/01/14,23,,0.001,0.002,0.003,0.2,,0.06,1.96,2.02,0.005,,,NNW,5.3,,
18202530,2017/01/14,24,,0.002,0.002,0.004,0.2,,0.04,1.95,1.99,0.008,,,NW,5.9,,
18202530,2017/01/15,01,,0.001,0.001,0.002,0.2,,0.04,1.96,2.00,0.008,,,NW,7.2,,
18202530,2017/01/15,02,,0.002,0.001,0.003,0.2,,0.03,1.96,1.99,0.003,,,NNW,7.2,,
18202530,2017/01/15,03,,0.001,0.001,0.002,0.2,,0.03,1.96,1.99,0.001,,,NW,5.1,,
18202530,2017/01/15,04,,0.001,0.001,0.002,0.2,,0.04,1.95,1.99,0,,,NNW,6.0,,
18202530,2017/01/15,05,,0.002,0.002,0.004,0.2,,0.02,1.96,1.98,0,,,NNW,5.2,,
18202530,2017/01/15,06,,0.002,0.001,0.003,0.2,,0.04,1.96,2.00,0,,,NNW,6.3,,
18202530,2017/01/15,07,,0.002,0.002,0.004,0.2,,0.03,1.96,1.99,0.003,,,NW,6.0,,
18202530,2017/01/15,08,,0.004,0.002,0.006,0.2,,0.05,1.96,2.01,0.002,,,NW,6.8,,
18202530,2017/01/15,09,,0.003,0.002,0.005,0.2,,0.04,1.96,2.00,0.006,,,NW,4.7,,
18202530,2017/01/15,10,,0.004,0.002,0.006,0.2,,0.05,1.95,2.00,0.004,,,NNW,7.3,,
18202530,2017/01/15,11,,0.003,0.002,0.005,0.2,,0.04,1.95,1.99,0.002,,,NW,5.6,,
18202530,2017/01/15,12,,0.002,0.001,0.003,0.2,,0.04,1.95,1.99,0.003,,,NNW,6.5,,
18202530,2017/01/15,13,,0.005,0.002,0.007,0.2,,0.05,1.95,2.00,0.003,,,NNW,5.9,,
18202530,2017/01/15,14,,0.004,0.003,0.007,0.2,,0.02,1.94,1.96,0.005,,,NW,5.1,,
18202530,2017/01/15,15,,0.003,0.002,0.005,0.2,,0.04,1.95,1.99,0.007,,,NNW,7.0,,
18202530,2017/01/15,16,,0.006,0.004,0.010,0.2,,0.05,1.95,2.00,0.005,,,NNW,5.4,,
18202530,2017/01/15,17,,0.007,0.005,0.012,0.2,,0.05,1.95,2.00,0.004,,,NNW,3.3,,
18202530,2017/01/15,18,,0.005,0.005,0.010,0.2,,0.05,1.94,1.99,0.006,,,NW,4.2,,
18202530,2017/01/15,19,,0.003,0.004,0.007,0.2,,0.05,1.94,1.99,0.003,,,NW,5.2,,
18202530,2017/01/15,20,,0.005,0.002,0.007,0.2,,0.06,1.94,2.00,0.001,,,NW,5.9,,
18202530,2017/01/15,21,,0.003,0.004,0.007,0.2,,0.04,1.93,1.97,0.001,,,NNW,5.0,,
18202530,2017/01/15,22,,0.003,0.002,0.005,0.2,,0.05,1.93,1.98,0.008,,,NNW,3.9,,
18202530,2017/01/15,23,,0.003,0.003,0.006,0.2,,0.06,1.93,1.99,0.001,,,NW,3.7,,
18202530,2017/01/15,24,,0.003,0.001,0.004,0.2,,0.05,1.93,1.98,0.006,,,NW,3.4,,
18202530,2017/01/16,01,,0.001,0.002,0.003,0.2,,0.03,1.93,1.96,0.002,,,WNW,5.8,,
18202530,2017/01/16,02,,0.002,0.001,0.003,0.2,,0.03,1.93,1.96,0.004,,,NNW,6.3,,
18202530,2017/01/16,03,,0.001,0.001,0.002,0.2,,0.04,1.94,1.98,0.003,,,NNW,5.6,,
18202530,2017/01/16,04,,0.002,0.001,0.003,0.1,,0.04,1.94,1.98,0.003,,,NW,5.1,,
18202530,2017/01/16,05,,0.002,0.001,0.003,0.2,,0.04,1.94,1.98,0.002,,,NNW,5.2,,
18202530,2017/01/16,06,,0.003,0.002,0.005,0.2,,0.04,1.94,1.98,0.004,,,NNW,7.6,,
18202530,2017/01/16,07,,0.004,0.003,0.007,0.2,,0.05,1.95,2.00,0.006,,,NNW,6.9,,
18202530,2017/01/16,08,,0.010,0.006,0.016,0.2,,0.07,1.95,2.02,0.001,,,NNW,6.2,,
18202530,2017/01/16,09,,0.009,0.008,0.017,0.3,,0.06,1.96,2.02,0.008,,,NW,4.5,,
18202530,2017/01/16,10,,0.008,0.006,0.014,0.2,,0.03,1.95,1.98,0.002,,,NW,6.3,,
18202530,2017/01/16,11,,0.010,0.008,0.018,0.2,,0.05,1.95,2.00,0.007,,,NW,4.5,,
18202530,2017/01/16,12,,0.008,0.005,0.013,0.2,,0.06,1.95,2.01,0.001,,,NW,6.2,,
18202530,2017/01/16,13,,0.006,0.005,0.011,0.2,,0.03,1.95,1.98,0.008,,,WNW,4.7,,
18202530,2017/01/16,14,,0.008,0.007,0.015,0.2,,0.04,1.94,1.98,0.010,,,WNW,4.6,,
18202530,2017/01/16,15,,0.006,0.006,0.012,0.2,,0.03,1.95,1.98,0.010,,,NNW,5.2,,
18202530,2017/01/16,16,,0.007,0.006,0.013,0.2,,0.03,1.94,1.97,0.004,,,NNW,5.2,,
18202530,2017/01/16,17,,0.007,0.007,0.014,0.2,,0.04,1.94,1.98,0.006,,,NW,2.7,,
18202530,2017/01/16,18,,0.011,0.010,0.021,0.3,,0.06,1.93,1.99,0.006,,,NNW,2.5,,
18202530,2017/01/16,19,,0.005,0.014,0.019,0.3,,0.07,1.94,2.01,0.004,,,SSW,1.2,,
18202530,2017/01/16,20,,0.005,0.014,0.019,0.3,,0.10,1.95,2.05,0.001,,,SSW,1.7,,
18202530,2017/01/16,21,,0.002,0.011,0.013,0.2,,0.07,1.96,2.03,0.004,,,SW,0.7,,
18202530,2017/01/16,22,,0.005,0.013,0.018,0.2,,0.10,1.94,2.04,0.008,,,WNW,1.2,,
18202530,2017/01/16,23,,0.005,0.004,0.009,0.2,,0.06,1.93,1.99,0.005,,,N,1.7,,
18202530,2017/01/16,24,,0.003,0.003,0.006,0.2,,0.03,1.94,1.97,0.011,,,NNW,3.1,,
18202530,2017/01/17,01,,0.004,0.005,0.009,0.1,,0.02,1.94,1.96,0.002,,,NNW,2.2,,
18202530,2017/01/17,02,,0.004,0.004,0.008,0.1,,0.04,1.94,1.98,0.006,,,NW,4.3,,
18202530,2017/01/17,03,,0.003,0.002,0.005,0.1,,0.02,1.93,1.95,0.006,,,NNW,2.3,,
18202530,2017/01/17,04,,0.003,0.003,0.006,0.1,,0.03,1.93,1.96,0.001,,,NNW,3.7,,
18202530,2017/01/17,05,,0.003,0.003,0.006,0.1,,0.04,1.93,1.97,0.006,,,N,3.8,,
18202530,2017/01/17,06,,0.004,0.004,0.008,0.2,,0.01,1.93,1.94,0.006,,,NW,5.0,,
18202530,2017/01/17,07,,0.008,0.006,0.014,0.2,,0.02,1.93,1.95,0.006,,,WNW,3.7,,
18202530,2017/01/17,08,,0.008,0.008,0.016,0.2,,0.02,1.93,1.95,0.009,,,NW,5.0,,
18202530,2017/01/17,09,,0.012,0.010,0.022,0.3,,0.04,1.93,1.97,0.002,,,NNW,4.1,,
18202530,2017/01/17,10,,0.011,0.011,0.022,0.2,,0.06,1.94,2.00,0.004,,,NNW,4.9,,
18202530,2017/01/17,11,,0.009,0.009,0.018,0.2,,0.04,1.93,1.97,0.011,,,NW,4.0,,
18202530,2017/01/17,12,,0.012,0.011,0.023,0.2,,0.08,1.94,2.02,0.002,,,NNW,4.6,,
18202530,2017/01/17,13,,0.008,0.007,0.015,0.2,,0.09,1.94,2.03,0.001,,,NNW,4.5,,
18202530,2017/01/17,14,,0.014,0.009,0.023,0.2,,0.06,1.94,2.00,0.007,,,NNW,3.6,,
18202530,2017/01/17,15,,0.008,0.008,0.016,0.2,,0.06,1.93,1.99,0.009,,,N,4.9,,
18202530,2017/01/17,16,,0.011,0.009,0.020,0.2,,0.03,1.94,1.97,0.007,,,NNW,3.1,,
18202530,2017/01/17,17,,0.013,0.014,0.027,0.2,,0.08,1.94,2.02,0.008,,,NNW,4.1,,
18202530,2017/01/17,18,,0.009,0.010,0.019,0.3,,0.12,1.94,2.06,0.009,,,NNW,2.0,,
18202530,2017/01/17,19,,0.009,0.012,0.021,0.3,,0.07,1.94,2.01,0.008,,,NNW,2.7,,
18202530,2017/01/17,20,,0.007,0.009,0.016,0.2,,0.04,1.94,1.98,0.008,,,N,1.9,,
18202530,2017/01/17,21,,0.004,0.007,0.011,0.2,,0.04,1.94,1.98,0.001,,,N,2.9,,
18202530,2017/01/17,22,,0.005,0.010,0.015,0.2,,0.02,1.94,1.96,0.005,,,NNW,2.4,,
18202530,2017/01/17,23,,0.003,0.009,0.012,0.2,,0.03,1.94,1.97,0.008,,,N,1.2,,
18202530,2017/01/17,24,,0.007,0.015,0.022,0.2,,0.06,1.95,2.01,0.006,,,S,1.1,,
18202530,2017/01/18,01,,0.005,0.021,0.026,0.2,,0.07,1.97,2.04,0.008,,,SE,0.4,,
18202530,2017/01/18,02,,0.006,0.034,0.040,0.2,,0.07,1.95,2.02,0.001,,,SE,0.7,,
18202530,2017/01/18,03,,0.008,0.036,0.044,0.2,,0.03,1.95,1.98,0.006,,,SE,0.9,,
18202530,2017/01/18,04,,0.009,0.032,0.041,0.2,,0.05,1.94,1.99,0.001,,,SE,1.2,,
18202530,2017/01/18,05,,0.005,0.031,0.036,0.2,,0.03,1.94,1.97,0.003,,,ESE,1.3,,
18202530,2017/01/18,06,,0.011,0.027,0.038,0.2,,0.02,1.94,1.96,0.005,,,SSE,0.4,,
18202530,2017/01/18,07,,0.017,0.025,0.042,0.3,,0.06,1.94,2.00,0.003,,,S,1.1,,
18202530,2017/01/18,08,,0.013,0.019,0.032,0.4,,0.11,1.95,2.06,0.005,,,S,1.4,,
18202530,2017/01/18,09,,0.003,0.009,0.012,0.2,,0.07,1.94,2.01,0.006,,,SSW,2.2,,
18202530,2017/01/18,10,,0.006,0.011,0.017,0.2,,0.07,1.95,2.02,0.001,,,WSW,0.7,,
18202530,2017/01/18,11,,0.009,0.011,0.020,0.2,,0.05,1.95,2.00,0.005,,,SE,2.2,,
18202530,2017/01/18,12,,0.008,0.010,0.018,0.2,,0.05,1.94,1.99,0.001,,,SE,2.8,,
18202530,2017/01/18,13,,0.007,0.010,0.017,0.2,,0.06,1.95,2.01,0.008,,,SE,4.3,,
18202530,2017/01/18,14,,0.008,0.009,0.017,0.2,,0.05,1.94,1.99,0.004,,,SE,5.7,,
18202530,2017/01/18,15,,0.005,0.009,0.014,0.2,,0.06,1.94,2.00,0.003,,,SE,4.7,,
18202530,2017/01/18,16,,0.004,0.008,0.012,0.2,,0.04,1.94,1.98,0.005,,,SE,3.7,,
18202530,2017/01/18,17,,0.005,0.011,0.016,0.2,,0.04,1.94,1.98,0.005,,,ESE,4.0,,
18202530,2017/01/18,18,,0.005,0.009,0.014,0.3,,0.04,1.94,1.98,0,,,SE,3.8,,
18202530,2017/01/18,19,,0.002,0.009,0.011,0.2,,0.05,1.94,1.99,0.003,,,S,1.3,,
18202530,2017/01/18,20,,0.001,0.009,0.010,0.2,,0.07,1.95,2.02,0.004,,,SSE,1.1,,
18202530,2017/01/18,21,,0.001,0.011,0.012,0.2,,0.07,1.95,2.02,0.004,,,S,2.0,,
18202530,2017/01/18,22,,0.002,0.012,0.014,0.2,,0.07,1.95,2.02,0.013,,,WSW,0.6,,
18202530,2017/01/18,23,,0.002,0.015,0.017,0.3,,0.13,1.96,2.09,0.005,,,ESE,0.4,,
18202530,2017/01/18,24,,0.005,0.020,0.025,0.2,,,,,0.007,,,ESE,2.1,,
18202530,2017/01/19,01,,0.002,0.015,0.017,0.2,,,,,0.005,,,SSE,2.7,,
18202530,2017/01/19,02,,0.004,0.014,0.018,0.2,,0.05,1.94,1.99,0.009,,,SE,1.5,,
18202530,2017/01/19,03,,0.003,0.017,0.020,0.3,,0.07,1.94,2.01,0.009,,,SE,0.8,,
18202530,2017/01/19,04,,0.005,0.021,0.026,0.2,,0.05,1.94,1.99,0.012,,,SE,1.1,,
18202530,2017/01/19,05,,0.006,0.029,0.035,0.2,,0.04,1.95,1.99,0.012,,,SE,0.8,,
18202530,2017/01/19,06,,0.010,0.032,0.042,0.3,,0.05,1.95,2.00,0.011,,,SE,1.1,,
18202530,2017/01/19,07,,0.012,0.026,0.038,0.5,,0.08,1.96,2.04,0.020,,,NNE,3.6,,
18202530,2017/01/19,08,,0.016,0.014,0.030,0.5,,0.05,1.97,2.02,0.027,,,NNE,2.3,,
18202530,2017/01/19,09,,0.012,0.011,0.023,0.4,,0.06,1.96,2.02,0.022,,,N,4.6,,
18202530,2017/01/19,10,,0.014,0.014,0.028,0.4,,0.04,1.95,1.99,0.018,,,NNW,4.0,,
18202530,2017/01/19,11,,0.010,0.008,0.018,0.3,,0.02,1.95,1.97,0.018,,,NNW,4.9,,
18202530,2017/01/19,12,,0.009,0.009,0.018,0.3,,0.04,1.95,1.99,0.018,,,NNW,4.8,,
18202530,2017/01/19,13,,0.008,0.007,0.015,0.3,,0.04,1.95,1.99,0.020,,,NNW,5.3,,
18202530,2017/01/19,14,,0.007,0.007,0.014,0.3,,0.02,1.95,1.97,0.020,,,NNW,4.1,,
18202530,2017/01/19,15,,0.009,0.008,0.017,0.3,,0.03,1.95,1.98,0.024,,,NNW,5.7,,
18202530,2017/01/19,16,,0.009,0.009,0.018,0.3,,0.03,1.95,1.98,0.019,,,N,5.0,,
18202530,2017/01/19,17,,0.012,0.010,0.022,0.4,,0.02,1.96,1.98,0.023,,,N,3.8,,
18202530,2017/01/19,18,,0.010,0.011,0.021,0.4,,0.05,1.96,2.01,0.020,,,N,3.4,,
18202530,2017/01/19,19,,0.008,0.012,0.020,0.4,,0.06,1.96,2.02,0.017,,,NNW,2.4,,
18202530,2017/01/19,20,,0.009,0.019,0.028,0.4,,0.10,1.95,2.05,0.024,,,S,0.4,,
18202530,2017/01/19,21,,0.005,0.015,0.020,0.4,,0.12,1.96,2.08,0.028,,,SSE,0.9,,
18202530,2017/01/19,22,,0.009,0.029,0.038,0.4,,0.09,1.97,2.06,0.018,,,SE,1.3,,
18202530,2017/01/19,23,,0.009,0.035,0.044,0.3,,0.06,1.95,2.01,0.022,,,ESE,0.5,,
18202530,2017/01/19,24,,0.011,0.037,0.048,0.3,,0.06,1.96,2.02,0.024,,,S,0.9,,
18202530,2017/01/20,01,,0.019,0.038,0.057,,,0.09,1.96,2.05,0.023,,,SE,1.0,,
18202530,2017/01/20,02,,,,,0.3,,0.04,1.94,1.98,0.018,,,NE,0.4,,
18202530,2017/01/20,03,,,,,,,,,,,,,,,,
18202530,2017/01/20,04,,0.002,0.018,0.020,0.3,,0.10,1.96,2.06,0.017,,,S,0.5,,
18202530,2017/01/20,05,,0.003,0.014,0.017,0.3,,0.04,1.95,1.99,0.012,,,SSE,2.2,,
18202530,2017/01/20,06,,0.005,0.010,0.015,0.3,,0.02,1.94,1.96,0.016,,,SE,3.7,,
18202530,2017/01/20,07,,0.005,0.011,0.016,0.3,,0.04,1.94,1.98,0.020,,,SSE,3.4,,
18202530,2017/01/20,08,,0.006,0.010,0.016,0.3,,0.05,1.94,1.99,0.021,,,SE,6.2,,
18202530,2017/01/20,09,,0.005,0.009,0.014,0.3,,0.06,1.95,2.01,0.016,,,ESE,5.5,,
18202530,2017/01/20,10,,0.006,0.009,0.015,0.3,,0.03,1.94,1.97,0.018,,,SE,5.8,,
18202530,2017/01/20,11,,0.005,0.009,0.014,0.3,,0.03,1.93,1.96,0.012,,,SE,5.3,,
18202530,2017/01/20,12,,0.006,0.008,0.014,0.3,,0.03,1.93,1.96,0.015,,,SE,5.9,,
18202530,2017/01/20,13,,0.006,0.008,0.014,0.3,,0.02,1.93,1.95,0.012,,,SE,5.5,,
18202530,2017/01/20,14,,0.006,0.009,0.015,0.3,,0.02,1.93,1.95,0.017,,,SE,4.7,,
18202530,2017/01/20,15,,0.007,0.010,0.017,0.3,,0.04,1.94,1.98,0.018,,,SE,5.1,,
18202530,2017/01/20,16,,0.005,0.008,0.013,0.3,,0.02,1.93,1.95,0.023,,,SE,4.2,,
18202530,2017/01/20,17,,0.006,0.011,0.017,0.3,,0.04,1.94,1.98,0.021,,,NNE,2.1,,
18202530,2017/01/20,18,,0.008,0.023,0.031,0.5,,0.21,1.95,2.16,0.026,,,ESE,2.5,,
18202530,2017/01/20,19,,0.003,0.013,0.016,0.5,,0.06,1.95,2.01,0.022,,,W,2.1,,
18202530,2017/01/20,20,,0.004,0.017,0.021,0.5,,0.09,1.97,2.06,0.019,,,SE,1.3,,
18202530,2017/01/20,21,,0.005,0.014,0.019,0.4,,0.06,1.97,2.03,0.018,,,ESE,2.6,,
18202530,2017/01/20,22,,0.003,0.010,0.013,0.4,,0.06,1.96,2.02,0.008,,,NE,1.8,,
18202530,2017/01/20,23,,0.002,0.003,0.005,0.2,,0.02,1.95,1.97,0.014,,,NW,11.3,,
18202530,2017/01/20,24,,0.002,0.001,0.003,0.2,,0.01,1.93,1.94,0.005,,,NW,8.8,,
18202530,2017/01/21,01,,0.002,0.001,0.003,0.2,,0.01,1.93,1.94,0.009,,,NNW,8.8,,
18202530,2017/01/21,02,,0.002,0.002,0.004,0.2,,0.01,1.93,1.94,0.014,,,NNW,8.1,,
18202530,2017/01/21,03,,0.001,0.001,0.002,0.2,,0.01,1.93,1.94,0.013,,,N,4.6,,
18202530,2017/01/21,04,,0.002,0.005,0.007,0.2,,0.02,1.93,1.95,0.019,,,NW,4.6,,
18202530,2017/01/21,05,,0.003,0.001,0.004,0.2,,0.01,1.93,1.94,0.012,,,NNW,5.3,,
18202530,2017/01/21,06,,0.005,0.002,0.007,0.2,,0.01,1.94,1.95,0.008,,,NNW,7.2,,
18202530,2017/01/21,07,,0.004,0.003,0.007,0.2,,0.02,1.93,1.95,0.007,,,NNW,5.3,,
18202530,2017/01/21,08,,0.011,0.007,0.018,0.3,,0.03,1.94,1.97,0.011,,,NNW,5.7,,
18202530,2017/01/21,09,,0.012,0.010,0.022,0.3,,0.05,1.96,2.01,0.012,,,NNW,4.1,,
18202530,2017/01/21,10,,0.008,0.012,0.020,0.3,,0.04,1.96,2.00,0.028,,,NW,4.8,,
18202530,2017/01/21,11,,0.007,0.009,0.016,0.4,,0.06,1.98,2.04,0.023,,,NW,4.1,,
18202530,2017/01/21,12,,0.006,0.009,0.015,0.4,,0.06,1.97,2.03,0.027,,,NW,3.6,,
18202530,2017/01/21,13,,0.006,0.005,0.011,0.3,,0.03,1.95,1.98,0.013,,,NNW,4.9,,
18202530,2017/01/21,14,,0.007,0.007,0.014,0.3,,0.04,1.94,1.98,0.010,,,NNW,4.0,,
18202530,2017/01/21,15,,0.007,0.005,0.012,0.3,,0.02,1.93,1.95,0.008,,,NNW,4.1,,
18202530,2017/01/21,16,,0.006,0.006,0.012,0.2,,0.01,1.93,1.94,0.004,,,NNW,3.8,,
18202530,2017/01/21,17,,0.008,0.008,0.016,0.3,,0.03,1.93,1.96,0.010,,,NNW,3.3,,
18202530,2017/01/21,18,,0.007,0.010,0.017,0.3,,0.06,1.93,1.99,0.010,,,NNW,2.9,,
18202530,2017/01/21,19,,0.005,0.015,0.020,0.4,,0.05,1.94,1.99,0.012,,,SE,1.0,,
18202530,2017/01/21,20,,0.004,0.013,0.017,0.3,,0.08,1.94,2.02,0.002,,,SE,1.9,,
18202530,2017/01/21,21,,0.004,0.011,0.015,0.2,,0.03,1.93,1.96,0.007,,,SE,2.0,,
18202530,2017/01/21,22,,0.003,0.008,0.011,0.2,,0.03,1.93,1.96,0.005,,,S,0.9,,
18202530,2017/01/21,23,,0.002,0.008,0.010,0.2,,0.02,1.93,1.95,0.008,,,SSE,1.5,,
18202530,2017/01/21,24,,0.001,0.004,0.005,0.2,,0.02,1.93,1.95,0.010,,,SE,3.4,,
18202530,2017/01/22,01,,0.001,0.002,0.003,0.2,,0,1.93,1.93,0.007,,,ESE,4.3,,
18202530,2017/01/22,02,,0.001,0.004,0.005,0.2,,0.01,1.94,1.95,0.009,,,ESE,4.8,,
18202530,2017/01/22,03,,0.001,0.006,0.007,0.2,,0.02,1.94,1.96,0.008,,,ESE,5.3,,
18202530,2017/01/22,04,,0.001,0.006,0.007,0.2,,0.02,1.94,1.96,0.005,,,ESE,5.2,,
18202530,2017/01/22,05,,0.001,0.005,0.006,0.2,,0.02,1.94,1.96,0.009,,,ESE,5.9,,
18202530,2017/01/22,06,,0.001,0.004,0.005,0.2,,0.01,1.94,1.95,0.005,,,ESE,5.0,,
18202530,2017/01/22,07,,0.001,0.004,0.005,0.2,,0.01,1.95,1.96,0.001,,,ESE,4.3,,
18202530,2017/01/22,08,,0.002,0.006,0.008,0.2,,0.02,1.95,1.97,0.008,,,SE,4.0,,
18202530,2017/01/22,09,,0.003,0.006,0.009,0.3,,0.02,1.95,1.97,0.012,,,SE,4.8,,
18202530,2017/01/22,10,,0.004,0.008,0.012,0.3,,0.02,1.95,1.97,0.009,,,ESE,4.4,,
18202530,2017/01/22,11,,0.005,0.007,0.012,0.3,,0.03,1.96,1.99,0.008,,,SE,5.1,,
18202530,2017/01/22,12,,0.005,0.008,0.013,0.3,,0.03,1.96,1.99,0.012,,,SE,3.9,,
18202530,2017/01/22,13,,0.005,0.007,0.012,0.3,,0.03,1.95,1.98,0.012,,,ESE,2.0,,
18202530,2017/01/22,14,,0.003,0.005,0.008,0.3,,0.04,1.94,1.98,0.008,,,SW,1.2,,
18202530,2017/01/22,15,,0.002,0.004,0.006,0.3,,0.01,1.93,1.94,0.010,,,W,6.3,,
18202530,2017/01/22,16,,0.003,0.004,0.007,0.3,,0.02,1.94,1.96,0.014,,,WNW,7.1,,
18202530,2017/01/22,17,,0.003,0.005,0.008,0.3,,0.02,1.93,1.95,0.019,,,WNW,5.2,,
18202530,2017/01/22,18,,0.002,0.003,0.005,0.2,,0,1.93,1.93,0.008,,,WNW,7.7,,
18202530,2017/01/22,19,,0.001,0.003,0.004,0.2,,0,1.92,1.92,0.009,,,W,5.3,,
18202530,2017/01/22,20,,0.001,0.003,0.004,0.2,,0,1.92,1.92,0.005,,,W,3.6,,
18202530,2017/01/22,21,,0.001,0.002,0.003,0.2,,0,1.92,1.92,0.009,,,WSW,5.2,,
18202530,2017/01/22,22,,0,0.003,0.003,0.2,,0,1.92,1.92,0.004,,,W,1.2,,
18202530,2017/01/22,23,,0.005,0.006,0.011,0.3,,0.02,1.94,1.96,0.005,,,NW,2.9,,
18202530,2017/01/22,24,,0.001,0.003,0.004,0.2,,0.02,1.93,1.95,0,,,WSW,5.5,,
18202530,2017/01/23,01,,0.002,0.003,0.005,0.3,,0,1.94,1.94,0.001,,,NW,1.9,,
18202530,2017/01/23,02,,0.003,0.005,0.008,0.3,,0.02,1.97,1.99,0.005,,,N,3.5,,
18202530,2017/01/23,03,,0.008,0.005,0.013,0.3,,0.01,1.97,1.98,0.012,,,NW,1.0,,
18202530,2017/01/23,04,,0.004,0.008,0.012,0.3,,0.02,1.96,1.98,0.016,,,WNW,2.3,,
18202530,2017/01/23,05,,0.006,0.009,0.015,0.3,,0.03,1.96,1.99,0.004,,,NNW,3.5,,
18202530,2017/01/23,06,,0.007,0.010,0.017,0.3,,0.01,1.95,1.96,0.007,,,N,4.9,,
18202530,2017/01/23,07,,0.011,0.009,0.020,0.3,,0.01,1.95,1.96,0.006,,,N,2.2,,
18202530,2017/01/23,08,,0.031,0.024,0.055,0.4,,0.04,1.95,1.99,0.010,,,CALM,0,,
18202530,2017/01/23,09,,0.036,0.034,0.070,0.4,,0.06,1.95,2.01,0.013,,,CALM,0,,
18202530,2017/01/23,10,,0.018,0.027,0.045,0.4,,0.05,1.95,2.00,0.016,,,CALM,0,,
18202530,2017/01/23,11,,0.025,0.020,0.045,0.4,,0.05,1.95,2.00,0.007,,,CALM,0,,
18202530,2017/01/23,12,,0.016,0.015,0.031,0.3,,0.05,1.95,2.00,0.013,,,CALM,0.1,,
18202530,2017/01/23,13,,0.012,0.014,0.026,0.3,,0.05,1.94,1.99,0.007,,,NNE,1.1,,
18202530,2017/01/23,14,,0.014,0.014,0.028,0.3,,0.04,1.94,1.98,0.014,,,N,2.7,,
18202530,2017/01/23,15,,0.015,0.014,0.029,0.3,,0.03,1.94,1.97,0.013,,,N,3.3,,
18202530,2017/01/23,16,,0.015,0.015,0.030,0.3,,0.04,1.94,1.98,0.010,,,NNE,3.0,,
18202530,2017/01/23,17,,0.019,0.018,0.037,0.3,,0.05,1.94,1.99,0.006,,,NNW,2.9,,
18202530,2017/01/23,18,,0.010,0.011,0.021,0.3,,0.04,1.93,1.97,0.005,,,N,4.1,,
18202530,2017/01/23,19,,0.010,0.012,0.022,0.3,,0.03,1.93,1.96,0.011,,,NNE,3.9,,
18202530,2017/01/23,20,,0.007,0.005,0.012,0.2,,0.01,1.93,1.94,0.007,,,N,4.4,,
18202530,2017/01/23,21,,0.006,0.006,0.012,0.2,,0.02,1.93,1.95,0.010,,,NNW,4.7,,
18202530,2017/01/23,22,,0.004,0.004,0.008,0.2,,0.03,1.92,1.95,0.004,,,NNW,4.3,,
18202530,2017/01/23,23,,0.003,0.002,0.005,0.2,,0.03,1.92,1.95,0.007,,,NNW,4.8,,
18202530,2017/01/23,24,,0.004,0.005,0.009,0.2,,0.01,1.94,1.95,0.004,,,NNW,4.1,,
18202530,2017/01/24,01,,0.003,0.003,0.006,0.2,,0.01,1.93,1.94,0.003,,,NNW,4.4,,
18202530,2017/01/24,02,,0.003,0.003,0.006,0.1,,0,1.92,1.92,0.008,,,N,5.4,,
18202530,2017/01/24,03,,0.003,0.009,0.012,0.2,,0,1.92,1.92,0.001,,,NNW,4.6,,
18202530,2017/01/24,04,,0.004,0.007,0.011,0.1,,0.01,1.92,1.93,0.004,,,NNW,3.0,,
18202530,2017/01/24,05,,0.006,0.007,0.013,0.1,,0.01,1.92,1.93,0.001,,,N,3.6,,
18202530,2017/01/24,06,,0.006,0.008,0.014,0.2,,0.02,1.93,1.95,0.006,,,NNW,2.7,,
18202530,2017/01/24,07,,0.010,0.007,0.017,0.2,,0.03,1.92,1.95,0.006,,,NNW,2.1,,
18202530,2017/01/24,08,,0.019,0.017,0.036,0.3,,0.03,1.93,1.96,0.006,,,NNW,2.4,,
18202530,2017/01/24,09,,0.014,0.015,0.029,0.3,,0.04,1.93,1.97,0.008,,,N,3.2,,
18202530,2017/01/24,10,,0.019,0.025,0.044,0.3,,0.04,1.92,1.96,0.005,,,SSE,1.5,,
18202530,2017/01/24,11,,0.016,0.018,0.034,0.3,,0.07,1.93,2.00,0.002,,,ENE,1.0,,
18202530,2017/01/24,12,,0.014,0.015,0.029,0.3,,0.05,1.93,1.98,0.005,,,SSW,3.0,,
18202530,2017/01/24,13,,0.003,0.007,0.010,0.2,,0.04,1.93,1.97,0.005,,,NW,2.0,,
18202530,2017/01/24,14,,0.026,0.024,0.050,0.3,,0.04,1.93,1.97,0.007,,,NNE,0.5,,
18202530,2017/01/24,15,,0.016,0.021,0.037,0.3,,0.06,1.93,1.99,0.003,,,N,1.8,,
18202530,2017/01/24,16,,0.020,0.022,0.042,0.3,,0.05,1.94,1.99,0.009,,,NW,1.3,,
18202530,2017/01/24,17,,0.011,0.012,0.023,0.3,,0.05,1.94,1.99,0.009,,,NNW,5.0,,
18202530,2017/01/24,18,,0.007,0.008,0.015,0.3,,0.04,1.94,1.98,0.013,,,NNW,5.3,,
18202530,2017/01/24,19,,0.007,0.007,0.014,0.3,,0.04,1.94,1.98,0.006,,,NNW,2.6,,
18202530,2017/01/24,20,,0.006,0.007,0.013,0.2,,0.05,1.94,1.99,0.002,,,NNE,2.7,,
18202530,2017/01/24,21,,0.005,0.006,0.011,0.2,,0.02,1.94,1.96,0.014,,,NNE,2.4,,
18202530,2017/01/24,22,,0.008,0.013,0.021,0.2,,0.03,1.95,1.98,0.005,,,E,0.9,,
18202530,2017/01/24,23,,0.004,0.014,0.018,0.2,,0.08,1.95,2.03,0.006,,,WSW,2.2,,
18202530,2017/01/24,24,,0.009,0.009,0.018,0.2,,0.04,1.94,1.98,0.007,,,ENE,0.9,,
18202530,2017/01/25,01,,0.002,0.015,0.017,0.2,,0.06,1.95,2.01,0.006,,,ESE,0.7,,
18202530,2017/01/25,02,,0.002,0.019,0.021,0.2,,0.05,1.95,2.00,0.008,,,S,1.0,,
18202530,2017/01/25,03,,0.003,0.011,0.014,0.2,,0.05,1.96,2.01,0.007,,,N,1.4,,
18202530,2017/01/25,04,,0.010,0.020,0.030,0.2,,0.02,1.94,1.96,0.004,,,NE,0.6,,
18202530,2017/01/25,05,,0.002,0.013,0.015,0.2,,0.02,1.93,1.95,0.008,,,SE,0.5,,
18202530,2017/01/25,06,,0.012,0.021,0.033,0.2,,0.03,1.93,1.96,0.005,,,CALM,0,,
18202530,2017/01/25,07,,0.003,0.016,0.019,0.2,,0.03,1.94,1.97,0.007,,,CALM,0,,
18202530,2017/01/25,08,,0.020,0.022,0.042,0.4,,0.07,1.94,2.01,0.011,,,CALM,0,,
18202530,2017/01/25,09,,0.027,0.037,0.064,0.6,,0.79,1.95,2.74,0.009,,,SSW,1.1,,
18202530,2017/01/25,10,,0.003,0.010,0.013,0.3,,0.08,1.94,2.02,0.002,,,WSW,1.5,,
18202530,2017/01/25,11,,0.015,0.017,0.032,0.2,,0.05,1.93,1.98,0.008,,,SSW,1.7,,
18202530,2017/01/25,12,,0.005,0.012,0.017,0.3,,0.04,1.94,1.98,0.004,,,SSW,1.4,,
18202530,2017/01/25,13,,0.005,0.010,0.015,0.2,,0.04,1.94,1.98,0.010,,,S,0.9,,
18202530,2017/01/25,14,,0.007,0.013,0.020,0.2,,,,,,,,WSW,1.8,,
18202530,2017/01/25,15,,0.003,0.009,0.012,0.2,,,,,0.009,,,W,2.0,,
18202530,2017/01/25,16,,0.009,0.019,0.028,0.3,,0.05,1.92,1.97,0.003,,,SE,0.8,,
18202530,2017/01/25,17,,0.010,0.028,0.038,0.3,,0.07,1.93,2.00,0.009,,,WSW,1.9,,
18202530,2017/01/25,18,,0.004,0.020,0.024,0.4,,0.11,1.93,2.04,0.008,,,S,1.6,,
18202530,2017/01/25,19,,0.010,0.022,0.032,0.4,,0.06,1.94,2.00,0.011,,,W,0.6,,
18202530,2017/01/25,20,,0.007,0.029,0.036,0.5,,0.14,1.94,2.08,0.011,,,CALM,0.2,,
18202530,2017/01/25,21,,0.019,0.037,0.056,0.5,,0.14,1.93,2.07,0.012,,,S,0.8,,
18202530,2017/01/25,22,,0.004,0.025,0.029,0.3,,0.11,1.93,2.04,0.006,,,ESE,1.2,,
18202530,2017/01/25,23,,0.003,0.015,0.018,0.2,,0.03,1.92,1.95,0.005,,,ESE,1.9,,
18202530,2017/01/25,24,,0.010,0.022,0.032,0.2,,,,,0.003,,,CALM,0,,
18202530,2017/01/26,01,,0.004,0.024,0.028,0.3,,,,,0.009,,,CALM,0.1,,
18202530,2017/01/26,02,,0.004,0.024,0.028,0.2,,0.04,1.93,1.97,0.001,,,SE,1.5,,
18202530,2017/01/26,03,,0.006,0.021,0.027,0.2,,0.01,1.92,1.93,0,,,SE,1.3,,
18202530,2017/01/26,04,,0.009,0.023,0.032,0.2,,0.01,1.92,1.93,0.002,,,ESE,0.9,,
18202530,2017/01/26,05,,0.003,0.014,0.017,0.2,,0.01,1.93,1.94,0.002,,,WSW,0.5,,
18202530,2017/01/26,06,,0.009,0.023,0.032,0.3,,0.04,1.93,1.97,0.008,,,SW,0.6,,
18202530,2017/01/26,07,,0.005,0.021,0.026,0.3,,0.06,1.94,2.00,0.002,,,SSW,0.9,,
18202530,2017/01/26,08,,0.007,0.017,0.024,0.4,,0.10,1.94,2.04,0.013,,,SSE,1.0,,
18202530,2017/01/26,09,,0.008,0.013,0.021,0.4,,0.10,1.94,2.04,0.007,,,SSW,1.5,,
18202530,2017/01/26,10,,0.005,0.008,0.013,0.3,,0.03,1.93,1.96,0.006,,,SSE,2.0,,
18202530,2017/01/26,11,,0.005,0.006,0.011,0.2,,0.03,1.93,1.96,0.001,,,SSW,2.1,,
18202530,2017/01/26,12,,0.006,0.007,0.013,0.2,,0.04,1.93,1.97,0.005,,,SE,1.8,,
18202530,2017/01/26,13,,0.006,0.009,0.015,0.2,,0.03,1.93,1.96,0,,,SSE,0.6,,
18202530,2017/01/26,14,,0.003,0.007,0.010,0.2,,0.01,1.92,1.93,0.001,,,SSE,0.6,,
18202530,2017/01/26,15,,0.007,0.014,0.021,0.2,,0.06,1.92,1.98,0.006,,,SE,1.1,,
18202530,2017/01/26,16,,0.009,0.015,0.024,0.3,,0.07,1.95,2.02,0.009,,,S,1.0,,
18202530,2017/01/26,17,,0.003,0.010,0.013,0.2,,0.05,1.95,2.00,0.004,,,SSW,1.5,,
18202530,2017/01/26,18,,0.003,0.013,0.016,0.3,,0.05,1.92,1.97,0.007,,,SSE,1.7,,
18202530,2017/01/26,19,,0.004,0.014,0.018,0.3,,0.05,1.93,1.98,0.005,,,SE,1.4,,
18202530,2017/01/26,20,,0.003,0.012,0.015,0.2,,0.04,1.94,1.98,0.004,,,SSE,2.8,,
18202530,2017/01/26,21,,0.004,0.012,0.016,0.2,,0.03,1.93,1.96,0.007,,,SSE,4.3,,
18202530,2017/01/26,22,,0.002,0.008,0.010,0.2,,0.01,1.93,1.94,0.008,,,SE,4.0,,
18202530,2017/01/26,23,,0.002,0.007,0.009,0.2,,0,1.92,1.92,0.007,,,ESE,5.3,,
18202530,2017/01/26,24,,0.001,0.008,0.009,0.2,,0.02,1.92,1.94,0.004,,,ESE,5.4,,
18202530,2017/01/27,01,,0.002,0.011,0.013,,,0.05,1.93,1.98,0.011,,,ESE,3.1,,
18202530,2017/01/27,02,,,,,0.2,,0.05,1.94,1.99,0.010,,,SE,4.5,,
18202530,2017/01/27,03,,,,,,,,,,,,,,,,
18202530,2017/01/27,04,,0.002,0.010,0.012,0.2,,0.03,1.93,1.96,0.008,,,ESE,4.0,,
18202530,2017/01/27,05,,0.002,0.012,0.014,0.2,,0.03,1.93,1.96,0.010,,,E,4.0,,
18202530,2017/01/27,06,,0.003,0.010,0.013,0.2,,0.04,1.93,1.97,0.008,,,SE,5.6,,
18202530,2017/01/27,07,,0.004,0.010,0.014,0.2,,0.03,1.92,1.95,0.004,,,SSE,3.1,,
18202530,2017/01/27,08,,0.010,0.011,0.021,0.3,,0.03,1.92,1.95,0.005,,,SE,7.8,,
18202530,2017/01/27,09,,0.004,0.010,0.014,0.2,,0.02,1.92,1.94,0.008,,,ESE,5.3,,
18202530,2017/01/27,10,,0.007,0.010,0.017,0.2,,0.02,1.93,1.95,0.004,,,ESE,5.3,,
18202530,2017/01/27,11,,0.006,0.010,0.016,0.2,,0.03,1.93,1.96,0.004,,,NNW,2.0,,
18202530,2017/01/27,12,,0.009,0.010,0.019,0.3,,0.04,1.92,1.96,0.005,,,ESE,5.3,,
18202530,2017/01/27,13,,0.004,0.008,0.012,0.2,,0.02,1.92,1.94,0.007,,,SE,5.3,,
18202530,2017/01/27,14,,0.004,0.008,0.012,0.2,,0.01,1.91,1.92,0.011,,,ESE,5.3,,
18202530,2017/01/27,15,,0.004,0.012,0.016,0.2,,0.01,1.92,1.93,0.007,,,SE,2.6,,
18202530,2017/01/27,16,,0.008,0.019,0.027,0.3,,0.03,1.92,1.95,0.014,,,ENE,0.9,,
18202530,2017/01/27,17,,0.011,0.030,0.041,0.4,,0.07,1.93,2.00,0.014,,,SE,1.8,,
18202530,2017/01/27,18,,0.012,0.034,0.046,0.5,,0.14,1.94,2.08,0.022,,,S,1.3,,
18202530,2017/01/27,19,,0.006,0.029,0.035,0.4,,0.14,1.93,2.07,0.019,,,SSW,1.8,,
18202530,2017/01/27,20,,0.008,0.028,0.036,0.5,,0.10,1.95,2.05,0.016,,,SE,1.6,,
18202530,2017/01/27,21,,0.005,0.024,0.029,0.4,,0.08,1.95,2.03,0.022,,,SSE,0.8,,
18202530,2017/01/27,22,,0.005,0.026,0.031,0.4,,0.10,1.98,2.08,0.014,,,CALM,0.2,,
18202530,2017/01/27,23,,0.005,0.026,0.031,0.4,,0.08,1.96,2.04,0.013,,,SSW,0.4,,
18202530,2017/01/27,24,,0.005,0.029,0.034,0.4,,0.06,1.96,2.02,0.021,,,S,1.1,,
18202530,2017/01/28,01,,0.004,0.028,0.032,0.3,,0.04,1.96,2.00,0.014,,,ESE,1.4,,
18202530,2017/01/28,02,,0.005,0.030,0.035,0.3,,0.05,1.95,2.00,0.014,,,SSE,1.1,,
18202530,2017/01/28,03,,0.007,0.029,0.036,0.3,,0.02,1.95,1.97,0.013,,,ESE,1.3,,
18202530,2017/01/28,04,,0.007,0.032,0.039,0.3,,0.05,1.94,1.99,0.011,,,SSE,0.8,,
18202530,2017/01/28,05,,0.011,0.030,0.041,0.3,,0.06,1.96,2.02,0.022,,,SSE,0.8,,
18202530,2017/01/28,06,,0.017,0.035,0.052,0.3,,0.05,1.95,2.00,0.007,,,SSE,0.7,,
18202530,2017/01/28,07,,0.019,0.035,0.054,0.3,,0.06,1.94,2.00,0.007,,,SSE,1.1,,
18202530,2017/01/28,08,,0.018,0.027,0.045,0.3,,0.06,1.93,1.99,0.015,,,ESE,1.4,,
18202530,2017/01/28,09,,0.018,0.022,0.040,0.4,,0.07,1.94,2.01,0.013,,,SSE,0.8,,
18202530,2017/01/28,10,,0.010,0.017,0.027,0.5,,0.10,1.96,2.06,0.014,,,SSW,0.6,,
18202530,2017/01/28,11,,0.010,0.015,0.025,0.4,,0.10,1.96,2.06,0.015,,,SSW,0.9,,
18202530,2017/01/28,12,,0.006,0.013,0.019,0.3,,0.08,1.94,2.02,0.005,,,NW,0.8,,
18202530,2017/01/28,13,,0.013,0.012,0.025,0.3,,0.04,1.93,1.97,0.008,,,NW,1.3,,
18202530,2017/01/28,14,,0.011,0.010,0.021,0.3,,0.02,1.92,1.94,0.008,,,NNW,1.6,,
18202530,2017/01/28,15,,0.016,0.011,0.027,0.3,,0.01,1.92,1.93,0.006,,,NNW,2.9,,
18202530,2017/01/28,16,,0.018,0.014,0.032,0.3,,0.01,1.93,1.94,0.015,,,NNW,1.4,,
18202530,2017/01/28,17,,0.003,0.008,0.011,0.2,,0.03,1.92,1.95,0.011,,,SSE,0.3,,
18202530,2017/01/28,18,,0.004,0.013,0.017,0.4,,0.05,1.94,1.99,0.014,,,SSE,1.2,,
18202530,2017/01/28,19,,0.004,0.015,0.019,0.3,,0.05,1.93,1.98,0.008,,,ESE,1.1,,
18202530,2017/01/28,20,,0.004,0.014,0.018,0.3,,0.02,1.93,1.95,0.010,,,SE,1.2,,
18202530,2017/01/28,21,,0.005,0.013,0.018,0.2,,0.03,1.93,1.96,0.004,,,ESE,1.4,,
18202530,2017/01/28,22,,0.001,0.011,0.012,0.2,,0.02,1.93,1.95,0.004,,,SE,1.0,,
18202530,2017/01/28,23,,0.003,0.017,0.020,0.4,,0.09,1.94,2.03,0.007,,,S,0.7,,
18202530,2017/01/28,24,,0.002,0.015,0.017,0.3,,0.14,1.95,2.09,0.008,,,CALM,0.1,,
18202530,2017/01/29,01,,0.001,0.015,0.016,0.3,,0.14,1.95,2.09,0.006,,,SSW,0.7,,
18202530,2017/01/29,02,,0.003,0.013,0.016,0.3,,0.10,1.95,2.05,0.011,,,CALM,0.2,,
18202530,2017/01/29,03,,0.003,0.010,0.013,0.2,,0.10,1.96,2.06,0.009,,,WSW,2.0,,
18202530,2017/01/29,04,,0,0.003,0.003,0.2,,0.02,1.93,1.95,0.009,,,S,1.4,,
18202530,2017/01/29,05,,0,0.004,0.004,0.2,,0.03,1.93,1.96,0.006,,,SSE,1.7,,
18202530,2017/01/29,06,,0.001,0.004,0.005,0.2,,0.03,1.93,1.96,0.002,,,SSW,1.5,,
18202530,2017/01/29,07,,0,0.002,0.002,0.2,,0.03,1.93,1.96,0.007,,,SSW,3.1,,
18202530,2017/01/29,08,,0.001,0.003,0.004,0.2,,0,1.92,1.92,0.017,,,SSW,2.8,,
18202530,2017/01/29,09,,0.001,0.004,0.005,0.2,,0.03,1.93,1.96,0.013,,,SSW,2.4,,
18202530,2017/01/29,10,,0.002,0.003,0.005,0.2,,0.03,1.92,1.95,0.002,,,SE,4.6,,
18202530,2017/01/29,11,,0.003,0.004,0.007,0.2,,0.02,1.92,1.94,0.012,,,SE,5.0,,
18202530,2017/01/29,12,,0.003,0.005,0.008,0.2,,0.01,1.92,1.93,0.013,,,SE,5.1,,
18202530,2017/01/29,13,,0.003,0.005,0.008,0.2,,0.02,1.92,1.94,0.016,,,SE,5.3,,
18202530,2017/01/29,14,,0.002,0.005,0.007,0.2,,0.01,1.92,1.93,0.021,,,SE,5.2,,
18202530,2017/01/29,15,,0.002,0.005,0.007,0.3,,0,1.92,1.92,0.013,,,SE,4.9,,
18202530,2017/01/29,16,,0.003,0.009,0.012,0.3,,0.01,1.92,1.93,0.019,,,SSE,3.2,,
18202530,2017/01/29,17,,0.001,0.009,0.010,0.3,,0.02,1.92,1.94,0.021,,,SW,2.5,,
18202530,2017/01/29,18,,0.002,0.013,0.015,0.3,,0.04,1.92,1.96,0.024,,,S,2.0,,
18202530,2017/01/29,19,,0.002,0.010,0.012,0.3,,0.03,1.92,1.95,0.019,,,SSE,3.0,,
18202530,2017/01/29,20,,0.003,0.011,0.014,0.3,,0.04,1.92,1.96,0.027,,,SE,3.4,,
18202530,2017/01/29,21,,0.001,0.009,0.010,0.3,,0.02,1.92,1.94,0.017,,,SSE,5.3,,
18202530,2017/01/29,22,,0.001,0.004,0.005,0.3,,0.02,1.92,1.94,0.019,,,SE,6.6,,
18202530,2017/01/29,23,,0.001,0.003,0.004,0.3,,0,1.92,1.92,0.017,,,SE,7.1,,
18202530,2017/01/29,24,,0.001,0.003,0.004,0.2,,0.01,1.91,1.92,0.006,,,SSE,5.9,,
18202530,2017/01/30,01,,0.001,0.004,0.005,0.2,,0.01,1.92,1.93,0.008,,,SE,6.3,,
18202530,2017/01/30,02,,0.001,0.003,0.004,0.2,,0.02,1.92,1.94,0.014,,,SE,7.0,,
18202530,2017/01/30,03,,0.001,0.003,0.004,0.3,,0.01,1.92,1.93,0.014,,,SE,6.7,,
18202530,2017/01/30,04,,0.001,0.004,0.005,0.3,,0,1.92,1.92,0.014,,,SE,4.2,,
18202530,2017/01/30,05,,0.002,0.003,0.005,0.3,,0.01,1.92,1.93,0.015,,,SSE,3.8,,
18202530,2017/01/30,06,,0.002,0.004,0.006,0.3,,0.01,1.92,1.93,0.018,,,SE,4.4,,
18202530,2017/01/30,07,,0.003,0.005,0.008,0.3,,0.01,1.91,1.92,0.009,,,SE,4.8,,
18202530,2017/01/30,08,,0.004,0.009,0.013,0.3,,0.02,1.92,1.94,0.012,,,SSE,2.6,,
18202530,2017/01/30,09,,0.026,0.029,0.055,0.5,,0.08,1.94,2.02,0.034,,,NNW,2.3,,
18202530,2017/01/30,10,,0.016,0.016,0.032,0.3,,0.08,1.91,1.99,0.005,,,NW,3.9,,
18202530,2017/01/30,11,,0.009,0.010,0.019,0.3,,0.05,1.90,1.95,0.008,,,NW,3.2,,
18202530,2017/01/30,12,,0.012,0.013,0.025,0.3,,0.07,1.91,1.98,0.008,,,NW,2.5,,
18202530,2017/01/30,13,,0.010,0.011,0.021,0.2,,0.06,1.91,1.97,0.005,,,NW,3.7,,
18202530,2017/01/30,14,,0.013,0.014,0.027,0.3,,0.06,1.91,1.97,0.001,,,NNW,3.9,,
18202530,2017/01/30,15,,0.013,0.012,0.025,0.3,,0.06,1.91,1.97,0.005,,,WNW,3.0,,
18202530,2017/01/30,16,,0.008,0.011,0.019,0.3,,0.04,1.91,1.95,0.005,,,NW,3.7,,
18202530,2017/01/30,17,,0.008,0.009,0.017,0.3,,0.02,1.91,1.93,0.008,,,NW,5.9,,
18202530,2017/01/30,18,,0.006,0.007,0.013,0.3,,0.02,1.92,1.94,0.006,,,NW,4.4,,
18202530,2017/01/30,19,,0.004,0.005,0.009,0.3,,0.04,1.92,1.96,0.009,,,NNW,4.1,,
18202530,2017/01/30,20,,0.005,0.004,0.009,0.3,,0.04,1.92,1.96,0.006,,,NNW,7.3,,
18202530,2017/01/30,21,,0.003,0.003,0.006,0.2,,0.02,1.93,1.95,0.014,,,NNW,9.0,,
18202530,2017/01/30,22,,0.002,0.002,0.004,0.2,,0.01,1.94,1.95,0.012,,,NNW,8.8,,
18202530,2017/01/30,23,,0.002,0.002,0.004,0.3,,0.01,1.94,1.95,0.017,,,NNW,7.6,,
18202530,2017/01/30,24,,0.002,0.003,0.005,0.3,,0.01,1.95,1.96,0.018,,,NNW,7.2,,
18202530,2017/01/31,01,,0.003,0.002,0.005,0.2,,0.01,1.95,1.96,0.022,,,NNW,6.2,,
18202530,2017/01/31,02,,0.003,0.002,0.005,0.2,,0.02,1.93,1.95,0.011,,,N,6.7,,
18202530,2017/01/31,03,,0.002,0.003,0.005,0.2,,0,1.93,1.93,0.009,,,NNW,5.1,,
18202530,2017/01/31,04,,0.004,0.003,0.007,0.2,,0,1.93,1.93,0.009,,,NNW,2.8,,
18202530,2017/01/31,05,,0.004,0.003,0.007,0.2,,0.01,1.94,1.95,0.015,,,N,4.6,,
18202530,2017/01/31,06,,0.005,0.005,0.010,0.2,,0,1.94,1.94,0.006,,,N,2.8,,
18202530,2017/01/31,07,,0.007,0.004,0.011,0.2,,0.01,1.94,1.95,0.009,,,NNW,3.8,,
18202530,2017/01/31,08,,0.012,0.009,0.021,0.3,,0.01,1.94,1.95,0.006,,,N,5.2,,
18202530,2017/01/31,09,,0.012,0.010,0.022,0.3,,0.02,1.94,1.96,0.008,,,NNW,4.0,,
18202530,2017/01/31,10,,0.010,0.009,0.019,0.3,,0.06,1.94,2.00,0.004,,,N,4.5,,
18202530,2017/01/31,11,,0.011,0.009,0.020,0.2,,0,1.94,1.94,0.006,,,NNW,4.2,,
18202530,2017/01/31,12,,0.011,0.010,0.021,0.2,,0.02,1.94,1.96,0.001,,,N,3.4,,
18202530,2017/01/31,13,,0.012,0.010,0.022,0.2,,0.01,1.94,1.95,0.003,,,NNW,2.8,,
18202530,2017/01/31,14,,0.014,0.011,0.025,0.2,,0.02,1.93,1.95,0.011,,,NNW,3.5,,
18202530,2017/01/31,15,,0.012,0.007,0.019,0.2,,0,1.93,1.93,0.007,,,N,3.9,,
18202530,2017/01/31,16,,0.013,0.007,0.020,0.2,,0.01,1.93,1.94,0.004,,,NNW,4.0,,
18202530,2017/01/31,17,,0.012,0.012,0.024,0.3,,0.03,1.93,1.96,0.006,,,NW,2.4,,
18202530,2017/01/31,18,,0.012,0.017,0.029,0.4,,0.08,1.93,2.01,0.010,,,NNW,2.3,,
18202530,2017/01/31,19,,0.011,0.013,0.024,0.4,,0.03,1.93,1.96,0.001,,,NE,1.2,,
18202530,2017/01/31,20,,0.014,0.014,0.028,0.3,,0.05,1.94,1.99,0,,,S,0.8,,
18202530,2017/01/31,21,,0.004,0.017,0.021,0.2,,0.06,1.95,2.01,0.006,,,SE,0.4,,
18202530,2017/01/31,22,,0.006,0.025,0.031,0.3,,0.06,1.94,2.00,0.006,,,SE,1.6,,
18202530,2017/01/31,23,,0.009,0.028,0.037,0.2,,0.03,1.93,1.96,0.005,,,SE,1.5,,
18202530,2017/01/31,24,,0.009,0.029,0.038,0.2,,0.04,1.93,1.97,0.007,,,SE,0.5,,
