測定局コード,日付,時,SO2(ppm),NO(ppm),NO2(ppm),NOx(ppm),CO(ppm),Ox(ppm),NMHC(ppmC),CH4(ppmC),THC(ppmC),SPM(mg/m3),PM2.5(ug/m3),SP(mg/m3),WD(16Dir),WS(m/s),TEMP(℃),HUM(％)
36201510,2017/01/01,01,0.001,0.001,0.006,0.007,0.3,,0.07,1.96,2.03,0.003,,,,,,
36201510,2017/01/01,02,0.001,0,0.006,0.006,0.3,,0.06,1.97,2.03,0.014,,,,,,
36201510,2017/01/01,03,0.001,0,0.006,0.006,0.3,,0.09,1.97,2.06,0.002,,,,,,
36201510,2017/01/01,04,0.001,0,0.007,0.007,0.3,,0.08,1.98,2.06,0,,,,,,
36201510,2017/01/01,05,0.001,0,0.005,0.005,0.3,,0.07,1.97,2.04,0,,,,,,
36201510,2017/01/01,06,0.001,0,0.008,0.008,0.3,,0.08,1.96,2.04,0.006,,,,,,
36201510,2017/01/01,07,0.002,0.001,0.007,0.008,0.4,,0.04,1.96,2.00,0.012,,,,,,
36201510,2017/01/01,08,0.001,0.001,0.007,0.008,0.3,,0.03,1.96,1.99,0.005,,,,,,
36201510,2017/01/01,09,0.002,0.002,0.007,0.009,0.3,,0.05,1.95,2.00,0,,,,,,
36201510,2017/01/01,10,0.001,0.001,0.006,0.007,0.4,,0.12,1.94,2.06,0.015,,,,,,
36201510,2017/01/01,11,0.001,0.001,0.004,0.005,0.4,,0.07,1.95,2.02,0.003,,,,,,
36201510,2017/01/01,12,0.001,0.001,0.006,0.007,0.4,,0.05,1.95,2.00,0.005,,,,,,
36201510,2017/01/01,13,0.001,0.001,0.006,0.007,0.3,,0.07,1.96,2.03,0.004,,,,,,
36201510,2017/01/01,14,0.001,0.001,0.006,0.007,0.3,,0.04,1.95,1.99,0.017,,,,,,
36201510,2017/01/01,15,0.001,0.001,0.007,0.008,0.4,,0.03,1.96,1.99,0.012,,,,,,
36201510,2017/01/01,16,0.001,0.001,0.007,0.008,0.4,,0.07,1.96,2.03,0.019,,,,,,
36201510,2017/01/01,17,0.001,0.001,0.011,0.012,0.4,,0.07,1.96,2.03,0.013,,,,,,
36201510,2017/01/01,18,0.001,0,0.012,0.012,0.4,,0.08,1.96,2.04,0.008,,,,,,
36201510,2017/01/01,19,0.001,0.001,0.016,0.017,0.4,,0.12,1.96,2.08,0.010,,,,,,
36201510,2017/01/01,20,0.001,0.001,0.017,0.018,0.4,,0.12,1.97,2.09,0.003,,,,,,
36201510,2017/01/01,21,0.001,0.001,0.015,0.016,0.5,,0.07,1.98,2.05,0.027,,,,,,
36201510,2017/01/01,22,0.001,0.001,0.014,0.015,0.4,,0.11,1.97,2.08,0.011,,,,,,
36201510,2017/01/01,23,0,0.002,0.014,0.016,0.4,,0.15,1.97,2.12,0.007,,,,,,
36201510,2017/01/01,24,0,0.001,0.011,0.012,0.4,,0.09,1.96,2.05,0.018,,,,,,
36201510,2017/01/02,01,,0.001,0.008,0.009,0.4,,0.08,1.96,2.04,0.013,,,,,,
36201510,2017/01/02,02,0,0,0.006,0.006,0.4,,0.09,1.96,2.05,0.003,,,,,,
36201510,2017/01/02,03,0,0,0.005,0.005,0.3,,0.04,1.96,2.00,0.018,,,,,,
36201510,2017/01/02,04,0,0.001,0.006,0.007,0.3,,0.06,1.96,2.02,0.008,,,,,,
36201510,2017/01/02,05,0,0.001,0.007,0.008,0.4,,0.09,1.96,2.05,0.006,,,,,,
36201510,2017/01/02,06,0,0.002,0.009,0.011,0.3,,0.11,1.95,2.06,0.010,,,,,,
36201510,2017/01/02,07,0,0.005,0.014,0.019,0.4,,0.08,1.95,2.03,0,,,,,,
36201510,2017/01/02,08,0,0.004,0.013,0.017,0.4,,0.07,1.95,2.02,0.007,,,,,,
36201510,2017/01/02,09,0,0.007,0.016,0.023,0.4,,0.08,1.96,2.04,0.004,,,,,,
36201510,2017/01/02,10,0.001,0.010,0.018,0.028,0.4,,0.08,1.96,2.04,0.005,,,,,,
36201510,2017/01/02,11,0.001,0.005,0.014,0.019,0.4,,0.12,1.95,2.07,0.010,,,,,,
36201510,2017/01/02,12,0.001,0.004,0.016,0.020,0.4,,0.11,1.97,2.08,0.012,,,,,,
36201510,2017/01/02,13,0.001,0.003,0.011,0.014,0.4,,0.09,1.96,2.05,0.013,,,,,,
36201510,2017/01/02,14,0.002,0.003,0.010,0.013,0.4,,0.21,1.94,2.15,0,,,,,,
36201510,2017/01/02,15,0.002,0.003,0.010,0.013,0.4,,0.07,1.96,2.03,0.009,,,,,,
36201510,2017/01/02,16,0.001,0.001,0.006,0.007,0.4,,0.04,1.95,1.99,0.010,,,,,,
36201510,2017/01/02,17,0.001,0.001,0.011,0.012,0.4,,0.13,1.95,2.08,0.025,,,,,,
36201510,2017/01/02,18,0.001,0.001,0.012,0.013,0.4,,0.08,1.97,2.05,0.014,,,,,,
36201510,2017/01/02,19,0.001,0.001,0.017,0.018,0.5,,0.10,1.96,2.06,0.019,,,,,,
36201510,2017/01/02,20,0.001,0.001,0.012,0.013,0.4,,0.09,1.97,2.06,0.027,,,,,,
36201510,2017/01/02,21,0.001,0.001,0.011,0.012,0.4,,0.08,1.95,2.03,0.021,,,,,,
36201510,2017/01/02,22,0.001,0.001,0.019,0.020,0.5,,0.08,1.97,2.05,0.014,,,,,,
36201510,2017/01/02,23,0.001,0.002,0.028,0.030,0.5,,0.09,1.99,2.08,0.035,,,,,,
36201510,2017/01/02,24,0.001,0.001,0.020,0.021,0.5,,0.09,1.99,2.08,0.011,,,,,,
36201510,2017/01/03,01,0.001,0,0.008,0.008,,,0.10,1.96,2.06,0.018,,,,,,
36201510,2017/01/03,02,0.001,0,0.007,0.007,0.3,,0.09,1.98,2.07,0.020,,,,,,
36201510,2017/01/03,03,0.001,0,0.008,0.008,0.3,,0.07,1.97,2.04,0.023,,,,,,
36201510,2017/01/03,04,0.001,0.001,0.007,0.008,0.3,,0.09,1.97,2.06,0.010,,,,,,
36201510,2017/01/03,05,0.001,0,0.006,0.006,0.3,,0.08,1.96,2.04,0.007,,,,,,
36201510,2017/01/03,06,0.001,0,0.006,0.006,0.2,,0.04,1.95,1.99,0.024,,,,,,
36201510,2017/01/03,07,0.001,0.001,0.008,0.009,0.2,,0.06,1.94,2.00,0.018,,,,,,
36201510,2017/01/03,08,0.001,0.002,0.016,0.018,0.3,,0.10,1.95,2.05,0.021,,,,,,
36201510,2017/01/03,09,0.001,0.004,0.025,0.029,0.3,,0.07,1.99,2.06,0.007,,,,,,
36201510,2017/01/03,10,0.001,0.003,0.017,0.020,0.3,,0.11,1.99,2.10,0.002,,,,,,
36201510,2017/01/03,11,0.001,0.002,0.009,0.011,0.3,,0.07,1.95,2.02,0.012,,,,,,
36201510,2017/01/03,12,0.001,0.001,0.007,0.008,0.2,,0.04,1.95,1.99,0.016,,,,,,
36201510,2017/01/03,13,0.001,0.001,0.007,0.008,0.3,,0.04,1.95,1.99,0.020,,,,,,
36201510,2017/01/03,14,0.001,0.001,0.008,0.009,0.3,,0.07,1.95,2.02,0.013,,,,,,
36201510,2017/01/03,15,0.001,0.001,0.008,0.009,0.3,,0.09,1.96,2.05,0.009,,,,,,
36201510,2017/01/03,16,0.001,0.001,0.008,0.009,0.3,,0.05,1.95,2.00,0.026,,,,,,
36201510,2017/01/03,17,0.001,0.001,0.011,0.012,0.4,,0.09,1.96,2.05,0.021,,,,,,
36201510,2017/01/03,18,0.001,0.001,0.015,0.016,0.4,,0.08,1.98,2.06,0.032,,,,,,
36201510,2017/01/03,19,0.001,0.002,0.021,0.023,0.4,,0.06,1.98,2.04,0.029,,,,,,
36201510,2017/01/03,20,0.001,0.002,0.028,0.030,0.4,,0.11,2.01,2.12,0.013,,,,,,
36201510,2017/01/03,21,0.001,0.001,0.009,0.010,0.3,,0.07,1.96,2.03,0.014,,,,,,
36201510,2017/01/03,22,0,0.001,0.009,0.010,0.3,,0.08,1.95,2.03,0.029,,,,,,
36201510,2017/01/03,23,0,0.002,0.023,0.025,0.3,,0.07,1.98,2.05,0.019,,,,,,
36201510,2017/01/03,24,0,0.002,0.018,0.020,0.3,,0.11,1.99,2.10,0.025,,,,,,
36201510,2017/01/04,01,0,,,,0.3,,0.07,1.97,2.04,0.016,,,,,,
36201510,2017/01/04,02,0,0.001,0.010,0.011,0.3,,0.13,1.98,2.11,0.012,,,,,,
36201510,2017/01/04,03,0,0,0.006,0.006,0.3,,0.11,1.98,2.09,0.017,,,,,,
36201510,2017/01/04,04,0,0,0.007,0.007,0.3,,0.06,1.98,2.04,0.009,,,,,,
36201510,2017/01/04,05,0,0.002,0.010,0.012,0.3,,0.09,1.99,2.08,0.019,,,,,,
36201510,2017/01/04,06,0,0.003,0.015,0.018,0.3,,0.09,1.97,2.06,0.007,,,,,,
36201510,2017/01/04,07,0.001,0.006,0.018,0.024,0.4,,0.08,1.99,2.07,0.016,,,,,,
36201510,2017/01/04,08,0.001,0.021,0.029,0.050,0.6,,0.13,2.02,2.15,0.014,,,,,,
36201510,2017/01/04,09,0.001,0.021,0.031,0.052,0.5,,0.16,1.99,2.15,0.019,,,,,,
36201510,2017/01/04,10,0.001,0.013,0.027,0.040,0.5,,0.13,1.98,2.11,0.037,,,,,,
36201510,2017/01/04,11,0.001,0.008,0.020,0.028,0.4,,0.08,1.97,2.05,0.020,,,,,,
36201510,2017/01/04,12,0.001,0.002,0.011,0.013,0.3,,0.12,1.95,2.07,0.007,,,,,,
36201510,2017/01/04,13,0.001,0.002,0.009,0.011,0.3,,0.09,1.94,2.03,0.015,,,,,,
36201510,2017/01/04,14,0.001,0.002,0.011,0.013,0.3,,0.05,1.94,1.99,0.018,,,,,,
36201510,2017/01/04,15,0.001,0.002,0.013,0.015,0.3,,0.06,1.94,2.00,0.015,,,,,,
36201510,2017/01/04,16,0.001,0.002,0.016,0.018,0.3,,0.08,1.94,2.02,0.010,,,,,,
36201510,2017/01/04,17,0.002,0.001,0.017,0.018,0.4,,0.09,1.96,2.05,0.024,,,,,,
36201510,2017/01/04,18,0.002,0.002,0.020,0.022,0.4,,0.10,1.97,2.07,0.034,,,,,,
36201510,2017/01/04,19,0.002,0.002,0.018,0.020,0.4,,0.07,1.97,2.04,0.020,,,,,,
36201510,2017/01/04,20,0.001,0.002,0.011,0.013,0.4,,0.11,1.97,2.08,0.026,,,,,,
36201510,2017/01/04,21,0.001,0.001,0.010,0.011,0.4,,0.05,1.95,2.00,0.014,,,,,,
36201510,2017/01/04,22,0.001,0.002,0.011,0.013,0.4,,0.09,1.95,2.04,0.020,,,,,,
36201510,2017/01/04,23,0.001,0.001,0.009,0.010,0.4,,0.07,1.95,2.02,0.012,,,,,,
36201510,2017/01/04,24,0.001,0.001,0.009,0.010,0.4,,0.08,1.96,2.04,0.007,,,,,,
36201510,2017/01/05,01,0.001,0,0.008,0.008,0.4,,,,,0.016,,,,,,
36201510,2017/01/05,02,0,0.001,0.007,0.008,0.3,,0.08,2.00,2.08,0.009,,,,,,
36201510,2017/01/05,03,0.001,0,0.007,0.007,0.3,,0.04,1.99,2.03,0.020,,,,,,
36201510,2017/01/05,04,0.001,0,0.008,0.008,0.3,,0.08,2.00,2.08,0.006,,,,,,
36201510,2017/01/05,05,0.001,0.001,0.008,0.009,0.3,,0.05,1.99,2.04,0.025,,,,,,
36201510,2017/01/05,06,0.001,0.002,0.010,0.012,0.3,,0.04,1.99,2.03,0.006,,,,,,
36201510,2017/01/05,07,0.001,0.003,0.016,0.019,0.4,,0.06,2.01,2.07,0.014,,,,,,
36201510,2017/01/05,08,0,0.005,0.015,0.020,0.4,,0.07,2.01,2.08,0.016,,,,,,
36201510,2017/01/05,09,0.001,0.006,0.019,0.025,0.4,,0.10,2.00,2.10,0.016,,,,,,
36201510,2017/01/05,10,0.001,0.007,0.020,0.027,0.7,,0.12,2.01,2.13,0.007,,,,,,
36201510,2017/01/05,11,0,0.005,0.014,0.019,0.6,,,,,,,,,,,
36201510,2017/01/05,12,0,0.004,0.011,0.015,0.5,,0.04,2.00,2.04,0.009,,,,,,
36201510,2017/01/05,13,0,0.003,0.007,0.010,0.2,,0.08,1.99,2.07,0.006,,,,,,
36201510,2017/01/05,14,0,0.004,0.011,0.015,0.3,,0.07,1.99,2.06,0.005,,,,,,
36201510,2017/01/05,15,0,0.003,0.009,0.012,0.2,,0.08,1.98,2.06,0.007,,,,,,
36201510,2017/01/05,16,0,0.003,0.010,0.013,0.2,,0.06,1.99,2.05,0,,,,,,
36201510,2017/01/05,17,0,0.003,0.011,0.014,0.2,,0.11,1.98,2.09,0.006,,,,,,
36201510,2017/01/05,18,0,0.002,0.011,0.013,0.3,,0.07,1.99,2.06,0,,,,,,
36201510,2017/01/05,19,0,0.002,0.011,0.013,0.2,,0.07,1.99,2.06,0,,,,,,
36201510,2017/01/05,20,0,0.002,0.012,0.014,0.2,,0.08,1.99,2.07,0.008,,,,,,
36201510,2017/01/05,21,0,0.001,0.009,0.010,0.2,,0.08,2.00,2.08,0.013,,,,,,
36201510,2017/01/05,22,0,0.001,0.009,0.010,0.2,,0.04,1.99,2.03,0.007,,,,,,
36201510,2017/01/05,23,0,0.002,0.007,0.009,0.2,,0.03,2.00,2.03,0.012,,,,,,
36201510,2017/01/05,24,0,0.001,0.006,0.007,0.2,,0.08,2.00,2.08,0.011,,,,,,
36201510,2017/01/06,01,0,0,0.004,0.004,0.2,,0.07,2.00,2.07,0.007,,,,,,
36201510,2017/01/06,02,0,0,0.003,0.003,0.2,,0.08,2.00,2.08,0,,,,,,
36201510,2017/01/06,03,0,0,0.003,0.003,0.2,,0.04,2.00,2.04,0.014,,,,,,
36201510,2017/01/06,04,0,0.001,0.004,0.005,0.2,,0.08,2.00,2.08,0.011,,,,,,
36201510,2017/01/06,05,0,0.001,0.008,0.009,0.2,,0.05,2.01,2.06,0,,,,,,
36201510,2017/01/06,06,0,0.005,0.015,0.020,0.2,,0.04,2.00,2.04,0.010,,,,,,
36201510,2017/01/06,07,0,0.007,0.021,0.028,0.3,,0.10,2.00,2.10,0.010,,,,,,
36201510,2017/01/06,08,0.001,0.009,0.022,0.031,0.4,,0.10,2.02,2.12,0.022,,,,,,
36201510,2017/01/06,09,0.001,0.013,0.027,0.040,0.4,,0.19,2.03,2.22,0,,,,,,
36201510,2017/01/06,10,0.001,0.011,0.024,0.035,0.4,,0.11,2.01,2.12,0.014,,,,,,
36201510,2017/01/06,11,0,0.009,0.018,0.027,0.3,,0.16,2.00,2.16,0.005,,,,,,
36201510,2017/01/06,12,0,0.007,0.015,0.022,0.3,,0.10,2.01,2.11,0.004,,,,,,
36201510,2017/01/06,13,0.001,0.006,0.013,0.019,0.3,,0.07,1.99,2.06,0.004,,,,,,
36201510,2017/01/06,14,0.001,0.008,0.018,0.026,0.3,,0.09,1.99,2.08,0,,,,,,
36201510,2017/01/06,15,0.001,0.007,0.017,0.024,0.3,,0.12,1.99,2.11,0.006,,,,,,
36201510,2017/01/06,16,0.001,0.006,0.017,0.023,0.3,,0.06,1.99,2.05,0,,,,,,
36201510,2017/01/06,17,0.001,0.006,0.022,0.028,0.3,,0.10,1.99,2.09,0.007,,,,,,
36201510,2017/01/06,18,0,0.006,0.029,0.035,0.4,,0.10,2.00,2.10,0,,,,,,
36201510,2017/01/06,19,0.001,0.008,0.032,0.040,0.5,,0.13,2.01,2.14,0.023,,,,,,
36201510,2017/01/06,20,0,0.003,0.020,0.023,0.4,,0.10,2.02,2.12,0.001,,,,,,
36201510,2017/01/06,21,0,0.002,0.018,0.020,0.3,,0.13,2.01,2.14,0,,,,,,
36201510,2017/01/06,22,0.001,0.004,0.023,0.027,0.4,,0.12,2.01,2.13,0.010,,,,,,
36201510,2017/01/06,23,0,0.006,0.029,0.035,0.3,,0.14,2.01,2.15,0.006,,,,,,
36201510,2017/01/06,24,0,0.007,0.029,0.036,0.3,,0.10,2.01,2.11,0.006,,,,,,
36201510,2017/01/07,01,,0.002,0.011,0.013,0.3,,0.09,2.00,2.09,0,,,,,,
36201510,2017/01/07,02,0,0.001,0.006,0.007,0.2,,0.09,2.01,2.10,0.013,,,,,,
36201510,2017/01/07,03,0,0,0.006,0.006,0.2,,0.08,2.00,2.08,0.005,,,,,,
36201510,2017/01/07,04,0,0,0.005,0.005,0.2,,0.08,1.99,2.07,0.011,,,,,,
36201510,2017/01/07,05,0,0.001,0.008,0.009,0.2,,0.09,2.00,2.09,0.004,,,,,,
36201510,2017/01/07,06,0,0.004,0.013,0.017,0.2,,0.08,2.00,2.08,0.005,,,,,,
36201510,2017/01/07,07,0,0.022,0.026,0.048,0.3,,0.09,2.02,2.11,0.015,,,,,,
36201510,2017/01/07,08,0,0.019,0.025,0.044,0.5,,0.11,2.01,2.12,0.001,,,,,,
36201510,2017/01/07,09,0.001,0.029,0.029,0.058,0.5,,0.15,2.02,2.17,0.011,,,,,,
36201510,2017/01/07,10,0.001,0.034,0.031,0.065,0.4,,0.13,2.01,2.14,0.011,,,,,,
36201510,2017/01/07,11,0.001,0.008,0.018,0.026,0.3,,0.08,2.00,2.08,0.013,,,,,,
36201510,2017/01/07,12,0.001,0.008,0.018,0.026,0.4,,0.12,1.99,2.11,0,,,,,,
36201510,2017/01/07,13,0.001,0.005,0.014,0.019,0.3,,0.13,1.99,2.12,0.016,,,,,,
36201510,2017/01/07,14,0.001,0.006,0.012,0.018,0.3,,0.07,1.99,2.06,0.013,,,,,,
36201510,2017/01/07,15,0.001,0.006,0.016,0.022,0.3,,0.11,1.98,2.09,0.007,,,,,,
36201510,2017/01/07,16,0.001,0.006,0.018,0.024,0.3,,0.11,1.98,2.09,0.007,,,,,,
36201510,2017/01/07,17,0.001,0.005,0.023,0.028,0.4,,0.09,1.99,2.08,0.002,,,,,,
36201510,2017/01/07,18,0.001,0.006,0.028,0.034,0.4,,0.17,2.00,2.17,0,,,,,,
36201510,2017/01/07,19,0.001,0.007,0.034,0.041,0.5,,0.13,2.01,2.14,0.008,,,,,,
36201510,2017/01/07,20,0.001,0.010,0.036,0.046,0.6,,0.21,2.03,2.24,0.017,,,,,,
36201510,2017/01/07,21,0.001,0.011,0.034,0.045,0.5,,0.18,2.05,2.23,0.002,,,,,,
36201510,2017/01/07,22,0.001,0.004,0.025,0.029,0.4,,0.20,2.02,2.22,0.013,,,,,,
36201510,2017/01/07,23,0.001,0.003,0.020,0.023,0.4,,0.13,2.01,2.14,0.015,,,,,,
36201510,2017/01/07,24,0.001,0.006,0.024,0.030,0.4,,0.12,2.00,2.12,0,,,,,,
36201510,2017/01/08,01,0,0.002,0.015,0.017,0.4,,0.13,2.02,2.15,0,,,,,,
36201510,2017/01/08,02,0,0.001,0.014,0.015,0.4,,0.13,2.01,2.14,0.004,,,,,,
36201510,2017/01/08,03,0,0.001,0.013,0.014,0.3,,0.11,2.00,2.11,0.003,,,,,,
36201510,2017/01/08,04,0,0.001,0.009,0.010,0.3,,0.11,2.00,2.11,0.011,,,,,,
36201510,2017/01/08,05,0,0.001,0.012,0.013,0.3,,0.13,1.99,2.12,0.016,,,,,,
36201510,2017/01/08,06,0,0.004,0.020,0.024,0.3,,0.09,2.00,2.09,0.006,,,,,,
36201510,2017/01/08,07,0,0.005,0.021,0.026,0.4,,0.09,1.99,2.08,0.006,,,,,,
36201510,2017/01/08,08,0,0.005,0.022,0.027,0.4,,0.16,2.00,2.16,0.010,,,,,,
36201510,2017/01/08,09,0,0.008,0.023,0.031,0.4,,0.15,2.01,2.16,0.019,,,,,,
36201510,2017/01/08,10,0,0.006,0.019,0.025,0.4,,0.10,2.00,2.10,0.011,,,,,,
36201510,2017/01/08,11,0,0.002,0.014,0.016,0.4,,0.13,1.99,2.12,0.011,,,,,,
36201510,2017/01/08,12,0,0.005,0.017,0.022,0.4,,0.07,1.99,2.06,0.004,,,,,,
36201510,2017/01/08,13,0,0.006,0.019,0.025,0.4,,0.13,2.00,2.13,0.001,,,,,,
36201510,2017/01/08,14,0,0.002,0.014,0.016,0.4,,0.13,2.00,2.13,0.005,,,,,,
36201510,2017/01/08,15,0,0.003,0.017,0.020,0.4,,0.11,1.99,2.10,0.003,,,,,,
36201510,2017/01/08,16,0,0.003,0.018,0.021,0.4,,0.10,1.99,2.09,0.004,,,,,,
36201510,2017/01/08,17,0,0.003,0.016,0.019,0.4,,0.07,1.98,2.05,0.005,,,,,,
36201510,2017/01/08,18,0,0.002,0.016,0.018,0.4,,0.08,1.99,2.07,0.009,,,,,,
36201510,2017/01/08,19,0,0.002,0.018,0.020,0.4,,0.13,1.99,2.12,0.006,,,,,,
36201510,2017/01/08,20,0,0.005,0.023,0.028,0.4,,0.12,1.99,2.11,0.026,,,,,,
36201510,2017/01/08,21,0,0.001,0.010,0.011,0.3,,0.10,1.97,2.07,0.004,,,,,,
36201510,2017/01/08,22,0,0.001,0.012,0.013,0.3,,0.09,1.98,2.07,0,,,,,,
36201510,2017/01/08,23,0,0.001,0.007,0.008,0.3,,0.04,1.96,2.00,0,,,,,,
36201510,2017/01/08,24,0,0,0.004,0.004,0.2,,0.04,1.94,1.98,0.001,,,,,,
36201510,2017/01/09,01,0,,,,0.3,,0.07,1.94,2.01,0,,,,,,
36201510,2017/01/09,02,0,0,0.004,0.004,0.3,,0.09,1.94,2.03,0.013,,,,,,
36201510,2017/01/09,03,0.001,0,0.004,0.004,0.3,,0.03,1.94,1.97,0.007,,,,,,
36201510,2017/01/09,04,0,0,0.003,0.003,0.3,,0.04,1.94,1.98,0.007,,,,,,
36201510,2017/01/09,05,0,0.001,0.004,0.005,0.3,,0.08,1.94,2.02,0.001,,,,,,
36201510,2017/01/09,06,0,0.002,0.007,0.009,0.3,,0.04,1.95,1.99,0.012,,,,,,
36201510,2017/01/09,07,0,0.004,0.013,0.017,0.3,,0.06,1.96,2.02,0.006,,,,,,
36201510,2017/01/09,08,0,0.003,0.008,0.011,0.3,,0.07,1.95,2.02,0,,,,,,
36201510,2017/01/09,09,0.001,0.004,0.009,0.013,0.3,,0.29,1.95,2.24,0.014,,,,,,
36201510,2017/01/09,10,0.001,0.003,0.008,0.011,0.3,,0.06,1.95,2.01,0.014,,,,,,
36201510,2017/01/09,11,0.001,0.002,0.007,0.009,0.3,,0.07,1.95,2.02,0,,,,,,
36201510,2017/01/09,12,0.001,0.002,0.009,0.011,0.4,,0.12,1.96,2.08,0.010,,,,,,
36201510,2017/01/09,13,0,0.002,0.011,0.013,0.3,,0.09,1.95,2.04,0,,,,,,
36201510,2017/01/09,14,0,0.002,0.010,0.012,0.3,,0.09,1.95,2.04,0.006,,,,,,
36201510,2017/01/09,15,0,0.002,0.008,0.010,0.4,,0.11,1.96,2.07,0.016,,,,,,
36201510,2017/01/09,16,0,0.002,0.009,0.011,0.4,,0.08,1.98,2.06,0.005,,,,,,
36201510,2017/01/09,17,0.001,0.001,0.010,0.011,0.5,,0.09,2.01,2.10,0.024,,,,,,
36201510,2017/01/09,18,0.001,0.001,0.010,0.011,0.5,,0.13,2.02,2.15,0.012,,,,,,
36201510,2017/01/09,19,0.001,0.001,0.012,0.013,0.5,,0.13,2.04,2.17,0.017,,,,,,
36201510,2017/01/09,20,0.001,0.001,0.013,0.014,0.5,,0.13,2.06,2.19,0.026,,,,,,
36201510,2017/01/09,21,0.001,0,0.008,0.008,0.5,,0.12,2.04,2.16,0.016,,,,,,
36201510,2017/01/09,22,0.001,0,0.006,0.006,0.5,,0.09,2.05,2.14,0.030,,,,,,
36201510,2017/01/09,23,0.001,0,0.005,0.005,0.5,,0.06,2.04,2.10,0.024,,,,,,
36201510,2017/01/09,24,0.001,0.001,0.005,0.006,0.5,,0.06,2.04,2.10,0.017,,,,,,
36201510,2017/01/10,01,0.001,0.001,0.004,0.005,,,0.11,2.02,2.13,0.029,,,,,,
36201510,2017/01/10,02,0.001,0,0.003,0.003,0.4,,0.05,2.02,2.07,0.020,,,,,,
36201510,2017/01/10,03,0.001,0,0.004,0.004,0.3,,0.08,2.01,2.09,0.016,,,,,,
36201510,2017/01/10,04,0.001,0,0.005,0.005,0.3,,0.08,2.02,2.10,0.009,,,,,,
36201510,2017/01/10,05,0,0.001,0.004,0.005,0.3,,0.04,2.00,2.04,0.014,,,,,,
36201510,2017/01/10,06,0,0.002,0.006,0.008,0.3,,0.06,2.00,2.06,0.004,,,,,,
36201510,2017/01/10,07,0.001,0.007,0.017,0.024,0.3,,0.09,1.99,2.08,0.012,,,,,,
36201510,2017/01/10,08,0.001,0.006,0.020,0.026,0.4,,0.09,2.00,2.09,0.007,,,,,,
36201510,2017/01/10,09,0.001,0.013,0.025,0.038,0.5,,0.12,2.01,2.13,0.021,,,,,,
36201510,2017/01/10,10,0.001,0.005,0.012,0.017,0.3,,,,,0.011,,,,,,
36201510,2017/01/10,11,0.001,0.003,0.010,0.013,0.4,,,,,0.019,,,,,,
36201510,2017/01/10,12,0.001,0.003,0.009,0.012,0.4,,,,,0.002,,,,,,
36201510,2017/01/10,13,0.002,0.002,0.008,0.010,0.4,,0.19,1.99,2.18,0.018,,,,,,
36201510,2017/01/10,14,0.002,0.002,0.008,0.010,0.4,,0.17,2.00,2.17,0.013,,,,,,
36201510,2017/01/10,15,0.002,0.003,0.010,0.013,0.4,,0.22,1.99,2.21,0.011,,,,,,
36201510,2017/01/10,16,0.001,0.002,0.010,0.012,0.4,,0.22,2.00,2.22,0.010,,,,,,
36201510,2017/01/10,17,0.001,0.002,0.013,0.015,0.4,,0.25,2.00,2.25,0.027,,,,,,
36201510,2017/01/10,18,0.001,0.003,0.017,0.020,0.5,,0.26,2.00,2.26,0.015,,,,,,
36201510,2017/01/10,19,0.001,0.003,0.021,0.024,0.5,,0.26,2.01,2.27,0.014,,,,,,
36201510,2017/01/10,20,0.001,0.001,0.020,0.021,0.5,,0.32,2.02,2.34,0.011,,,,,,
36201510,2017/01/10,21,0.001,0.002,0.015,0.017,0.3,,0.26,2.00,2.26,0.009,,,,,,
36201510,2017/01/10,22,0.002,0.001,0.012,0.013,0.3,,0.27,1.99,2.26,0.022,,,,,,
36201510,2017/01/10,23,0.001,0.001,0.008,0.009,0.3,,0.17,1.98,2.15,0.011,,,,,,
36201510,2017/01/10,24,0.001,0.001,0.011,0.012,0.3,,0.21,2.01,2.22,0,,,,,,
36201510,2017/01/11,01,0.001,0.001,0.008,0.009,0.3,,0.23,2.01,2.24,0.005,,,,,,
36201510,2017/01/11,02,0.001,0,0.007,0.007,0.3,,0.19,2.00,2.19,0.003,,,,,,
36201510,2017/01/11,03,0.001,0,0.005,0.005,0.2,,0.22,2.00,2.22,0.023,,,,,,
36201510,2017/01/11,04,0.001,0,0.006,0.006,0.3,,0.22,2.01,2.23,0.016,,,,,,
36201510,2017/01/11,05,0.001,0.002,0.010,0.012,0.3,,0.22,2.01,2.23,0,,,,,,
36201510,2017/01/11,06,0.001,0.003,0.015,0.018,0.3,,0.20,2.01,2.21,0.015,,,,,,
36201510,2017/01/11,07,0.001,0.004,0.013,0.017,0.3,,0.22,2.00,2.22,0.011,,,,,,
36201510,2017/01/11,08,0.001,0.005,0.019,0.024,0.4,,0.20,2.01,2.21,0.017,,,,,,
36201510,2017/01/11,09,0.001,0.005,0.013,0.018,0.3,,0.21,2.00,2.21,0.015,,,,,,
36201510,2017/01/11,10,0.001,0.004,0.010,0.014,0.3,,0.17,2.00,2.17,0.013,,,,,,
36201510,2017/01/11,11,0.001,0.004,0.009,0.013,0.3,,0.20,2.00,2.20,0.021,,,,,,
36201510,2017/01/11,12,0.001,0.003,0.009,0.012,0.3,,0.18,1.99,2.17,0.012,,,,,,
36201510,2017/01/11,13,0.001,0.003,0.009,0.012,0.3,,0.22,1.99,2.21,0,,,,,,
36201510,2017/01/11,14,0.001,0.005,0.012,0.017,0.3,,0.22,1.99,2.21,0.022,,,,,,
36201510,2017/01/11,15,0.001,0.004,0.013,0.017,0.3,,0.17,1.99,2.16,0.014,,,,,,
36201510,2017/01/11,16,0.001,0.004,0.013,0.017,0.3,,0.19,1.99,2.18,0.012,,,,,,
36201510,2017/01/11,17,0.001,0.002,0.011,0.013,0.3,,0.19,1.99,2.18,0.004,,,,,,
36201510,2017/01/11,18,0.001,0.003,0.018,0.021,0.4,,0.22,2.00,2.22,0.012,,,,,,
36201510,2017/01/11,19,0.001,0.005,0.027,0.032,0.4,,0.24,2.00,2.24,0.015,,,,,,
36201510,2017/01/11,20,0.001,0.002,0.021,0.023,0.4,,0.21,2.01,2.22,0.012,,,,,,
36201510,2017/01/11,21,0.002,0.002,0.018,0.020,0.4,,0.20,2.01,2.21,0.009,,,,,,
36201510,2017/01/11,22,0.001,0.001,0.009,0.010,0.3,,0.19,1.99,2.18,0.004,,,,,,
36201510,2017/01/11,23,0.001,0.001,0.011,0.012,0.3,,0.18,2.00,2.18,0.005,,,,,,
36201510,2017/01/11,24,0.001,0.001,0.010,0.011,0.3,,0.20,2.00,2.20,0.001,,,,,,
36201510,2017/01/12,01,,0.001,0.008,0.009,0.2,,,,,0.009,,,,,,
36201510,2017/01/12,02,0.001,0,0.004,0.004,0.2,,0.20,2.00,2.20,0.006,,,,,,
36201510,2017/01/12,03,0.001,0,0.004,0.004,0.2,,0.21,1.99,2.20,0.013,,,,,,
36201510,2017/01/12,04,0.001,0.001,0.007,0.008,0.2,,0.18,2.00,2.18,0.015,,,,,,
36201510,2017/01/12,05,0.001,0.001,0.006,0.007,0.2,,0.20,2.00,2.20,0.004,,,,,,
36201510,2017/01/12,06,0.001,0.002,0.009,0.011,0.3,,0.19,1.99,2.18,0.017,,,,,,
36201510,2017/01/12,07,0.001,0.004,0.012,0.016,0.3,,0.22,1.99,2.21,0.006,,,,,,
36201510,2017/01/12,08,0.001,0.004,0.014,0.018,0.3,,0.20,2.00,2.20,0.006,,,,,,
36201510,2017/01/12,09,0.001,0.007,0.019,0.026,0.4,,0.24,2.00,2.24,0.005,,,,,,
36201510,2017/01/12,10,0.002,0.006,0.016,0.022,0.4,,0.22,2.00,2.22,0.015,,,,,,
36201510,2017/01/12,11,0.001,0.005,0.013,0.018,0.3,,0.24,2.00,2.24,0.023,,,,,,
36201510,2017/01/12,12,0.001,0.004,0.012,0.016,0.3,,0.21,2.00,2.21,0.004,,,,,,
36201510,2017/01/12,13,0.001,0.004,0.012,0.016,0.3,,0.24,2.00,2.24,0.036,,,,,,
36201510,2017/01/12,14,0.001,0.003,0.010,0.013,0.4,,0.24,2.00,2.24,0.006,,,,,,
36201510,2017/01/12,15,0.001,0.004,0.012,0.016,0.4,,0.20,1.99,2.19,0.011,,,,,,
36201510,2017/01/12,16,0.001,0.003,0.011,0.014,0.3,,0.23,2.00,2.23,0.011,,,,,,
36201510,2017/01/12,17,0.001,0.002,0.009,0.011,0.4,,0.23,1.99,2.22,0.020,,,,,,
36201510,2017/01/12,18,0.001,0.001,0.011,0.012,0.4,,0.20,1.99,2.19,0.016,,,,,,
36201510,2017/01/12,19,0.001,0.002,0.014,0.016,0.4,,0.22,2.00,2.22,0.006,,,,,,
36201510,2017/01/12,20,0.001,0.001,0.012,0.013,0.4,,0.21,2.00,2.21,0.011,,,,,,
36201510,2017/01/12,21,0.001,0.002,0.019,0.021,0.6,,0.27,2.00,2.27,0.012,,,,,,
36201510,2017/01/12,22,0.001,0.003,0.023,0.026,0.5,,0.31,2.03,2.34,0.016,,,,,,
36201510,2017/01/12,23,0.001,0.001,0.009,0.010,0.3,,0.22,2.00,2.22,0.011,,,,,,
36201510,2017/01/12,24,0.001,0,0.006,0.006,0.3,,0.19,1.99,2.18,0.009,,,,,,
36201510,2017/01/13,01,0.001,0,0.008,0.008,0.3,,0.22,1.98,2.20,0.001,,,,,,
36201510,2017/01/13,02,0.001,0.001,0.013,0.014,0.4,,0.24,2.00,2.24,0.009,,,,,,
36201510,2017/01/13,03,0.001,0.001,0.014,0.015,0.4,,0.25,2.04,2.29,0.011,,,,,,
36201510,2017/01/13,04,0.001,0.004,0.019,0.023,0.4,,0.26,2.05,2.31,0.019,,,,,,
36201510,2017/01/13,05,0.001,0.001,0.011,0.012,0.4,,0.22,2.02,2.24,0.022,,,,,,
36201510,2017/01/13,06,0.002,0.006,0.025,0.031,0.5,,0.22,2.02,2.24,0.028,,,,,,
36201510,2017/01/13,07,0.002,0.005,0.021,0.026,0.5,,0.20,2.01,2.21,0.019,,,,,,
36201510,2017/01/13,08,0.002,0.004,0.019,0.023,0.5,,0.21,2.01,2.22,0.020,,,,,,
36201510,2017/01/13,09,0.002,0.008,0.026,0.034,0.6,,0.25,2.01,2.26,0.028,,,,,,
36201510,2017/01/13,10,0.002,0.005,0.013,0.018,0.4,,,,,0.006,,,,,,
36201510,2017/01/13,11,0.001,0.003,0.009,0.012,0.3,,0.20,1.97,2.17,0.004,,,,,,
36201510,2017/01/13,12,0.001,0.002,0.009,0.011,0.3,,0.23,1.97,2.20,0.011,,,,,,
36201510,2017/01/13,13,0.001,0.003,0.009,0.012,0.3,,0.21,1.96,2.17,0.003,,,,,,
36201510,2017/01/13,14,0.001,0.003,0.009,0.012,0.3,,0.19,1.96,2.15,0,,,,,,
36201510,2017/01/13,15,0.001,0.003,0.008,0.011,0.3,,0.22,1.96,2.18,0.008,,,,,,
36201510,2017/01/13,16,0.001,0.002,0.009,0.011,0.3,,0.46,1.96,2.42,0,,,,,,
36201510,2017/01/13,17,0.001,0.002,0.010,0.012,0.3,,0.19,1.96,2.15,0.010,,,,,,
36201510,2017/01/13,18,0.001,0.004,0.018,0.022,0.4,,0.25,1.99,2.24,0.007,,,,,,
36201510,2017/01/13,19,0.001,0.004,0.017,0.021,0.4,,0.22,1.98,2.20,0.003,,,,,,
36201510,2017/01/13,20,0.001,0.003,0.023,0.026,0.5,,0.22,1.99,2.21,0.015,,,,,,
36201510,2017/01/13,21,0.001,0.003,0.022,0.025,0.5,,0.30,2.01,2.31,0.007,,,,,,
36201510,2017/01/13,22,0.001,0.002,0.020,0.022,0.5,,0.30,2.01,2.31,0.012,,,,,,
36201510,2017/01/13,23,0.001,0.001,0.010,0.011,0.4,,0.25,1.99,2.24,0.014,,,,,,
36201510,2017/01/13,24,0.001,0,0.008,0.008,0.4,,0.22,1.97,2.19,0.008,,,,,,
36201510,2017/01/14,01,0.001,,,,0.4,,0.22,1.99,2.21,0.017,,,,,,
36201510,2017/01/14,02,0.001,0,0.005,0.005,0.4,,0.21,1.99,2.20,0.014,,,,,,
36201510,2017/01/14,03,0.001,0,0.005,0.005,0.3,,0.21,1.98,2.19,0.010,,,,,,
36201510,2017/01/14,04,0.001,0.001,0.006,0.007,0.3,,0.20,1.98,2.18,0.005,,,,,,
36201510,2017/01/14,05,0.001,0.001,0.004,0.005,0.3,,0.19,1.98,2.17,0.001,,,,,,
36201510,2017/01/14,06,0.001,0.001,0.005,0.006,0.3,,0.18,1.98,2.16,0.008,,,,,,
36201510,2017/01/14,07,0.001,0.002,0.007,0.009,0.3,,0.17,1.98,2.15,0.015,,,,,,
36201510,2017/01/14,08,0.001,0.003,0.011,0.014,0.3,,0.18,1.99,2.17,0.006,,,,,,
36201510,2017/01/14,09,0.001,0.013,0.014,0.027,0.3,,0.20,1.99,2.19,0.013,,,,,,
36201510,2017/01/14,10,0.001,0.010,0.019,0.029,0.3,,0.21,1.99,2.20,0.008,,,,,,
36201510,2017/01/14,11,0.001,0.004,0.007,0.011,0.3,,0.18,1.98,2.16,0.006,,,,,,
36201510,2017/01/14,12,0.001,0.003,0.006,0.009,0.3,,0.22,1.98,2.20,0.011,,,,,,
36201510,2017/01/14,13,0.001,0.003,0.005,0.008,0.3,,0.16,1.99,2.15,0.009,,,,,,
36201510,2017/01/14,14,0.001,0.002,0.005,0.007,0.3,,0.22,1.99,2.21,0.013,,,,,,
36201510,2017/01/14,15,0.001,0.003,0.006,0.009,0.3,,0.20,1.99,2.19,0.005,,,,,,
36201510,2017/01/14,16,0.001,0.002,0.006,0.008,0.3,,0.19,1.98,2.17,0,,,,,,
36201510,2017/01/14,17,0.001,0.002,0.007,0.009,0.3,,0.15,1.99,2.14,0.006,,,,,,
36201510,2017/01/14,18,0.001,0.002,0.007,0.009,0.3,,0.18,1.99,2.17,0.014,,,,,,
36201510,2017/01/14,19,0.001,0.002,0.006,0.008,0.4,,0.17,1.99,2.16,0,,,,,,
36201510,2017/01/14,20,0.001,0.001,0.006,0.007,0.3,,0.19,1.99,2.18,0.004,,,,,,
36201510,2017/01/14,21,0.001,0.001,0.005,0.006,0.3,,0.15,2.00,2.15,0.002,,,,,,
36201510,2017/01/14,22,0.001,0.001,0.005,0.006,0.3,,0.17,2.01,2.18,0.005,,,,,,
36201510,2017/01/14,23,0.001,0,0.004,0.004,0.3,,0.17,2.00,2.17,0,,,,,,
36201510,2017/01/14,24,0.001,0.001,0.005,0.006,0.3,,0.21,2.00,2.21,0.001,,,,,,
36201510,2017/01/15,01,0.001,0,0.004,0.004,0.3,,0.18,2.00,2.18,0.011,,,,,,
36201510,2017/01/15,02,0.001,0,0.003,0.003,0.3,,0.19,2.01,2.20,0,,,,,,
36201510,2017/01/15,03,0.001,0,0.003,0.003,0.3,,0.16,2.01,2.17,0,,,,,,
36201510,2017/01/15,04,0.001,0,0.004,0.004,0.4,,0.18,2.01,2.19,0.007,,,,,,
36201510,2017/01/15,05,0.001,0,0.003,0.003,0.3,,0.17,2.01,2.18,0.003,,,,,,
36201510,2017/01/15,06,0.001,0.001,0.004,0.005,0.3,,0.18,2.00,2.18,0.002,,,,,,
36201510,2017/01/15,07,0.001,0.001,0.004,0.005,0.3,,0.16,2.00,2.16,0.007,,,,,,
36201510,2017/01/15,08,0.001,0.001,0.005,0.006,0.3,,0.19,2.00,2.19,0,,,,,,
36201510,2017/01/15,09,0.001,0.002,0.006,0.008,0.4,,0.19,2.01,2.20,0,,,,,,
36201510,2017/01/15,10,0.001,0.003,0.007,0.010,0.4,,0.18,2.01,2.19,0.009,,,,,,
36201510,2017/01/15,11,0.001,0.002,0.006,0.008,0.4,,0.21,2.00,2.21,0.004,,,,,,
36201510,2017/01/15,12,0.001,0.002,0.006,0.008,0.3,,0.20,2.02,2.22,0,,,,,,
36201510,2017/01/15,13,0.001,0.003,0.007,0.010,0.4,,0.20,2.00,2.20,0.004,,,,,,
36201510,2017/01/15,14,0.001,0.003,0.007,0.010,0.4,,0.15,2.00,2.15,0,,,,,,
36201510,2017/01/15,15,0.001,0.002,0.006,0.008,0.4,,0.14,1.99,2.13,0.004,,,,,,
36201510,2017/01/15,16,0.001,0.002,0.008,0.010,0.4,,0.16,2.00,2.16,0,,,,,,
36201510,2017/01/15,17,0.001,0.002,0.010,0.012,0.4,,0.17,2.00,2.17,0,,,,,,
36201510,2017/01/15,18,0.001,0.002,0.011,0.013,0.4,,0.21,1.99,2.20,0,,,,,,
36201510,2017/01/15,19,0.001,0.002,0.014,0.016,0.4,,0.23,2.00,2.23,0.002,,,,,,
36201510,2017/01/15,20,0.001,0.002,0.015,0.017,0.4,,0.18,2.00,2.18,0.015,,,,,,
36201510,2017/01/15,21,0.001,0.001,0.010,0.011,0.4,,0.20,2.00,2.20,0.014,,,,,,
36201510,2017/01/15,22,0.001,0.001,0.007,0.008,0.4,,0.21,2.00,2.21,0,,,,,,
36201510,2017/01/15,23,0.001,0.001,0.004,0.005,0.3,,0.14,1.99,2.13,0,,,,,,
36201510,2017/01/15,24,0.001,0,0.004,0.004,0.3,,0.16,1.99,2.15,0,,,,,,
36201510,2017/01/16,01,0.001,0,0.004,0.004,0.3,,0.16,1.98,2.14,0,,,,,,
36201510,2017/01/16,02,0.001,0,0.003,0.003,0.3,,0.14,1.98,2.12,0.003,,,,,,
36201510,2017/01/16,03,0.001,0,0.003,0.003,0.3,,0.14,1.99,2.13,0,,,,,,
36201510,2017/01/16,04,0.001,0,0.004,0.004,0.3,,0.18,1.99,2.17,0.003,,,,,,
36201510,2017/01/16,05,0.001,0.001,0.004,0.005,0.3,,0.21,1.99,2.20,0.008,,,,,,
36201510,2017/01/16,06,0.001,0.002,0.007,0.009,0.3,,0.15,1.99,2.14,0.014,,,,,,
36201510,2017/01/16,07,0.001,0.004,0.011,0.015,0.4,,0.15,1.98,2.13,0.001,,,,,,
36201510,2017/01/16,08,0.001,0.005,0.019,0.024,0.5,,0.16,1.99,2.15,0.011,,,,,,
36201510,2017/01/16,09,0.001,0.007,0.018,0.025,0.5,,0.21,1.99,2.20,0.014,,,,,,
36201510,2017/01/16,10,0.001,0.008,0.017,0.025,0.5,,0.22,1.99,2.21,0.004,,,,,,
36201510,2017/01/16,11,0.001,0.005,0.010,0.015,0.4,,0.23,2.00,2.23,0.003,,,,,,
36201510,2017/01/16,12,0.001,0.004,0.009,0.013,0.4,,0.16,2.00,2.16,0,,,,,,
36201510,2017/01/16,13,0.001,0.005,0.008,0.013,0.3,,0.23,2.00,2.23,0.005,,,,,,
36201510,2017/01/16,14,0.001,0.004,0.009,0.013,0.4,,0.16,2.00,2.16,0.001,,,,,,
36201510,2017/01/16,15,0.001,0.003,0.008,0.011,0.3,,0.20,1.99,2.19,0.002,,,,,,
36201510,2017/01/16,16,0.001,0.004,0.010,0.014,0.4,,0.15,1.99,2.14,0.007,,,,,,
36201510,2017/01/16,17,0.001,0.003,0.012,0.015,0.4,,0.16,1.99,2.15,0.011,,,,,,
36201510,2017/01/16,18,0.001,0.004,0.017,0.021,0.4,,0.17,1.99,2.16,0,,,,,,
36201510,2017/01/16,19,0.001,0.003,0.017,0.020,0.4,,0.22,2.00,2.22,0.007,,,,,,
36201510,2017/01/16,20,0.001,0.002,0.014,0.016,0.4,,0.17,2.00,2.17,0,,,,,,
36201510,2017/01/16,21,0.001,0.001,0.013,0.014,0.5,,0.21,2.01,2.22,0.007,,,,,,
36201510,2017/01/16,22,0.001,0.001,0.009,0.010,0.4,,0.16,2.01,2.17,0.021,,,,,,
36201510,2017/01/16,23,0.001,0.001,0.010,0.011,0.4,,0.21,2.00,2.21,0.004,,,,,,
36201510,2017/01/16,24,0.001,0.002,0.012,0.014,0.4,,0.18,2.00,2.18,0.025,,,,,,
36201510,2017/01/17,01,,0,0.006,0.006,0.4,,0.16,2.00,2.16,0.004,,,,,,
36201510,2017/01/17,02,0.001,0,0.005,0.005,0.4,,0.21,2.00,2.21,0.011,,,,,,
36201510,2017/01/17,03,0.001,0.001,0.004,0.005,0.4,,0.18,2.00,2.18,0.006,,,,,,
36201510,2017/01/17,04,0.001,0.001,0.005,0.006,0.4,,0.15,2.01,2.16,0.003,,,,,,
36201510,2017/01/17,05,0.001,0.002,0.008,0.010,0.4,,0.16,2.00,2.16,0,,,,,,
36201510,2017/01/17,06,0.001,0.004,0.014,0.018,0.4,,0.17,2.01,2.18,0.014,,,,,,
36201510,2017/01/17,07,0.001,0.006,0.019,0.025,0.5,,0.16,2.01,2.17,0.007,,,,,,
36201510,2017/01/17,08,0.001,0.007,0.017,0.024,0.5,,0.19,2.01,2.20,0,,,,,,
36201510,2017/01/17,09,0.001,0.009,0.016,0.025,0.5,,0.18,2.00,2.18,0.014,,,,,,
36201510,2017/01/17,10,0.001,0.007,0.013,0.020,0.4,,0.19,2.00,2.19,0,,,,,,
36201510,2017/01/17,11,0.001,0.007,0.016,0.023,0.4,,0.20,2.00,2.20,0.013,,,,,,
36201510,2017/01/17,12,0.001,0.008,0.016,0.024,0.4,,0.22,1.99,2.21,0.010,,,,,,
36201510,2017/01/17,13,0.001,0.005,0.012,0.017,0.4,,0.20,1.99,2.19,0.004,,,,,,
36201510,2017/01/17,14,0.001,0.005,0.011,0.016,0.4,,0.17,1.99,2.16,0,,,,,,
36201510,2017/01/17,15,0.001,0.005,0.010,0.015,0.4,,0.15,1.99,2.14,0.004,,,,,,
36201510,2017/01/17,16,0.001,0.005,0.014,0.019,0.4,,0.19,1.98,2.17,0.005,,,,,,
36201510,2017/01/17,17,0.001,0.004,0.016,0.020,0.4,,0.18,1.99,2.17,0.001,,,,,,
36201510,2017/01/17,18,0.001,0.006,0.025,0.031,0.5,,0.26,2.00,2.26,0,,,,,,
36201510,2017/01/17,19,0,0.008,0.028,0.036,0.6,,0.20,2.00,2.20,0.002,,,,,,
36201510,2017/01/17,20,0,0.004,0.019,0.023,0.5,,0.21,1.99,2.20,0.001,,,,,,
36201510,2017/01/17,21,0,0.004,0.020,0.024,0.5,,0.25,2.01,2.26,0.008,,,,,,
36201510,2017/01/17,22,0,0.003,0.019,0.022,0.5,,0.23,2.01,2.24,0.003,,,,,,
36201510,2017/01/17,23,0.001,0.014,0.032,0.046,0.6,,0.29,2.03,2.32,0.002,,,,,,
36201510,2017/01/17,24,0.001,0.008,0.022,0.030,0.5,,0.23,2.03,2.26,0,,,,,,
36201510,2017/01/18,01,0,0.003,0.013,0.016,0.4,,0.23,2.01,2.24,0.001,,,,,,
36201510,2017/01/18,02,0,0.001,0.008,0.009,0.4,,0.21,2.00,2.21,0.002,,,,,,
36201510,2017/01/18,03,0,0.003,0.011,0.014,0.4,,0.17,2.00,2.17,0.003,,,,,,
36201510,2017/01/18,04,0,0.001,0.009,0.010,0.4,,0.19,2.00,2.19,0.015,,,,,,
36201510,2017/01/18,05,0,0.003,0.013,0.016,0.4,,0.22,2.00,2.22,0,,,,,,
36201510,2017/01/18,06,0,0.022,0.031,0.053,0.5,,0.21,2.01,2.22,0,,,,,,
36201510,2017/01/18,07,0.001,0.036,0.030,0.066,0.5,,0.21,2.02,2.23,0,,,,,,
36201510,2017/01/18,08,0.001,0.046,0.031,0.077,0.8,,0.27,2.02,2.29,0.014,,,,,,
36201510,2017/01/18,09,0.001,0.044,0.035,0.079,0.8,,0.32,2.02,2.34,0.020,,,,,,
36201510,2017/01/18,10,0.001,0.034,0.033,0.067,0.6,,0.30,2.01,2.31,0.001,,,,,,
36201510,2017/01/18,11,0.001,0.022,0.027,0.049,0.6,,0.27,2.01,2.28,0.002,,,,,,
36201510,2017/01/18,12,0.001,0.010,0.020,0.030,0.5,,0.22,2.00,2.22,0.002,,,,,,
36201510,2017/01/18,13,0.001,0.008,0.015,0.023,0.5,,0.22,2.00,2.22,0.016,,,,,,
36201510,2017/01/18,14,0.002,0.009,0.015,0.024,0.5,,0.22,2.00,2.22,0.009,,,,,,
36201510,2017/01/18,15,0.001,0.007,0.016,0.023,0.5,,0.23,2.01,2.24,0.003,,,,,,
36201510,2017/01/18,16,0.001,0.007,0.019,0.026,0.5,,0.22,2.00,2.22,0.020,,,,,,
36201510,2017/01/18,17,0.001,0.004,0.021,0.025,0.5,,0.26,2.00,2.26,0.008,,,,,,
36201510,2017/01/18,18,0.002,0.003,0.030,0.033,0.6,,0.27,2.01,2.28,0.018,,,,,,
36201510,2017/01/18,19,0.002,0.010,0.041,0.051,0.7,,0.33,2.03,2.36,0.013,,,,,,
36201510,2017/01/18,20,0.002,0.013,0.043,0.056,0.7,,0.38,2.05,2.43,0.019,,,,,,
36201510,2017/01/18,21,0.001,0.008,0.033,0.041,0.7,,0.32,2.04,2.36,0.003,,,,,,
36201510,2017/01/18,22,0.001,0.007,0.027,0.034,0.6,,0.32,2.03,2.35,0.005,,,,,,
36201510,2017/01/18,23,0.001,0.004,0.021,0.025,0.5,,0.30,2.03,2.33,0.010,,,,,,
36201510,2017/01/18,24,0.001,0.013,0.027,0.040,0.5,,0.26,2.03,2.29,0.016,,,,,,
36201510,2017/01/19,01,0.001,,,,0.5,,,,,0.012,,,,,,
36201510,2017/01/19,02,0.001,0.001,0.010,0.011,0.4,,0.17,2.00,2.17,0.004,,,,,,
36201510,2017/01/19,03,0.001,0.002,0.012,0.014,0.4,,0.15,2.00,2.15,0,,,,,,
36201510,2017/01/19,04,0.001,0.004,0.015,0.019,0.4,,0.15,2.01,2.16,0.008,,,,,,
36201510,2017/01/19,05,0.001,0.003,0.012,0.015,0.5,,0.19,2.01,2.20,0,,,,,,
36201510,2017/01/19,06,0.001,0.004,0.014,0.018,0.4,,0.16,2.00,2.16,0.010,,,,,,
36201510,2017/01/19,07,0.001,0.007,0.017,0.024,0.5,,0.18,1.99,2.17,0.002,,,,,,
36201510,2017/01/19,08,0.001,0.008,0.021,0.029,0.6,,0.22,1.99,2.21,0.005,,,,,,
36201510,2017/01/19,09,0.002,0.017,0.027,0.044,0.7,,0.19,2.00,2.19,0.020,,,,,,
36201510,2017/01/19,10,0.002,0.018,0.027,0.045,0.7,,0.24,2.01,2.25,0.023,,,,,,
36201510,2017/01/19,11,0.002,0.013,0.025,0.038,0.7,,0.28,2.01,2.29,0.012,,,,,,
36201510,2017/01/19,12,0.002,0.008,0.023,0.031,0.7,,0.24,2.04,2.28,0.026,,,,,,
36201510,2017/01/19,13,0.002,0.006,0.021,0.027,0.7,,0.19,2.03,2.22,0.033,,,,,,
36201510,2017/01/19,14,0.002,0.006,0.018,0.024,0.7,,0.22,2.02,2.24,0.025,,,,,,
36201510,2017/01/19,15,0.002,0.007,0.021,0.028,0.6,,0.24,2.01,2.25,0.020,,,,,,
36201510,2017/01/19,16,0.002,0.006,0.021,0.027,0.7,,0.20,2.01,2.21,0.023,,,,,,
36201510,2017/01/19,17,0.002,0.006,0.026,0.032,0.7,,0.17,2.02,2.19,0.020,,,,,,
36201510,2017/01/19,18,0.001,0.006,0.026,0.032,0.7,,0.20,2.02,2.22,0.023,,,,,,
36201510,2017/01/19,19,0.001,0.007,0.029,0.036,0.7,,0.24,2.02,2.26,0.009,,,,,,
36201510,2017/01/19,20,0.001,0.004,0.026,0.030,0.7,,0.24,2.02,2.26,0.021,,,,,,
36201510,2017/01/19,21,0.001,0.004,0.028,0.032,0.7,,0.22,2.02,2.24,0.016,,,,,,
36201510,2017/01/19,22,0.001,0.007,0.036,0.043,0.7,,0.28,2.03,2.31,0.017,,,,,,
36201510,2017/01/19,23,0.002,0.011,0.039,0.050,0.6,,0.22,2.04,2.26,0.017,,,,,,
36201510,2017/01/19,24,0.001,0.007,0.035,0.042,0.6,,0.22,2.04,2.26,0.028,,,,,,
36201510,2017/01/20,01,0.001,0.002,0.019,0.021,0.6,,0.19,2.05,2.24,0.017,,,,,,
36201510,2017/01/20,02,0.001,0.002,0.016,0.018,0.6,,0.22,2.04,2.26,0.022,,,,,,
36201510,2017/01/20,03,0.001,0.001,0.009,0.010,0.5,,0.22,2.03,2.25,0.019,,,,,,
36201510,2017/01/20,04,0.001,0.003,0.015,0.018,0.5,,0.20,2.02,2.22,0.012,,,,,,
36201510,2017/01/20,05,0.001,0.007,0.019,0.026,0.6,,0.22,2.18,2.40,0.014,,,,,,
36201510,2017/01/20,06,0.001,0.032,0.032,0.064,0.6,,0.23,2.04,2.27,0.014,,,,,,
36201510,2017/01/20,07,0.001,0.028,0.032,0.060,0.7,,0.24,2.03,2.27,0.018,,,,,,
36201510,2017/01/20,08,0.001,0.021,0.027,0.048,0.8,,0.29,2.03,2.32,0.010,,,,,,
36201510,2017/01/20,09,0.001,0.007,0.017,0.024,0.6,,0.18,2.01,2.19,0.021,,,,,,
36201510,2017/01/20,10,0.001,0.007,0.014,0.021,0.6,,0.19,2.01,2.20,0.012,,,,,,
36201510,2017/01/20,11,0.002,0.005,0.013,0.018,0.6,,0.20,2.00,2.20,0.027,,,,,,
36201510,2017/01/20,12,0.002,0.003,0.010,0.013,0.6,,0.19,2.00,2.19,0.024,,,,,,
36201510,2017/01/20,13,0.002,0.002,0.009,0.011,0.6,,0.17,2.01,2.18,0.002,,,,,,
36201510,2017/01/20,14,0.001,0.002,0.009,0.011,0.6,,0.17,2.01,2.18,0.015,,,,,,
36201510,2017/01/20,15,0.001,0.003,0.009,0.012,0.7,,0.71,2.04,2.75,0.021,,,,,,
36201510,2017/01/20,16,0.001,0.002,0.010,0.012,0.6,,0.71,2.08,2.79,0.021,,,,,,
36201510,2017/01/20,17,0.001,0.002,0.010,0.012,0.6,,0.16,2.02,2.18,0,,,,,,
36201510,2017/01/20,18,0.001,0.002,0.010,0.012,0.7,,0.15,2.01,2.16,0.009,,,,,,
36201510,2017/01/20,19,0.001,0.002,0.013,0.015,0.7,,0.19,2.03,2.22,0.009,,,,,,
36201510,2017/01/20,20,0.001,0.002,0.011,0.013,0.8,,0.24,2.04,2.28,0.011,,,,,,
36201510,2017/01/20,21,0.002,0.001,0.008,0.009,0.7,,0.18,2.05,2.23,0.020,,,,,,
36201510,2017/01/20,22,0.001,0.001,0.007,0.008,0.7,,0.18,2.04,2.22,0.020,,,,,,
36201510,2017/01/20,23,0.001,0,0.007,0.007,0.6,,0.22,2.03,2.25,0,,,,,,
36201510,2017/01/20,24,0.001,0,0.007,0.007,0.6,,0.18,2.03,2.21,0.005,,,,,,
36201510,2017/01/21,01,0.001,0.001,0.005,0.006,0.5,,0.17,2.01,2.18,0.011,,,,,,
36201510,2017/01/21,02,0.002,0,0.005,0.005,0.6,,0.13,2.02,2.15,0,,,,,,
36201510,2017/01/21,03,0.002,0,0.005,0.005,0.6,,0.17,2.03,2.20,0.011,,,,,,
36201510,2017/01/21,04,0.002,0,0.005,0.005,0.6,,0.17,2.05,2.22,0.019,,,,,,
36201510,2017/01/21,05,0.003,0,0.006,0.006,0.7,,0.15,2.07,2.22,0.035,,,,,,
36201510,2017/01/21,06,0.003,0.002,0.012,0.014,0.7,,0.18,2.07,2.25,0.029,,,,,,
36201510,2017/01/21,07,0.004,0.002,0.016,0.018,0.8,,0.18,2.08,2.26,0.029,,,,,,
36201510,2017/01/21,08,0.004,0.003,0.020,0.023,0.8,,0.18,2.08,2.26,0.041,,,,,,
36201510,2017/01/21,09,0.003,0.004,0.019,0.023,0.8,,0.16,2.08,2.24,0.021,,,,,,
36201510,2017/01/21,10,0.003,0.005,0.018,0.023,0.7,,0.18,2.07,2.25,0.015,,,,,,
36201510,2017/01/21,11,0.003,0.005,0.014,0.019,0.6,,0.14,2.05,2.19,0.008,,,,,,
36201510,2017/01/21,12,0.002,0.005,0.013,0.018,0.6,,0.16,2.05,2.21,0.030,,,,,,
36201510,2017/01/21,13,0.002,0.003,0.009,0.012,0.6,,0.16,2.05,2.21,0.003,,,,,,
36201510,2017/01/21,14,0.002,0.004,0.012,0.016,0.6,,0.17,2.04,2.21,0.017,,,,,,
36201510,2017/01/21,15,0.002,0.004,0.013,0.017,0.6,,0.16,2.04,2.20,0.007,,,,,,
36201510,2017/01/21,16,0.001,0.003,0.014,0.017,0.6,,0.17,2.03,2.20,0.028,,,,,,
36201510,2017/01/21,17,0.001,0.004,0.017,0.021,0.7,,0.17,2.04,2.21,0.018,,,,,,
36201510,2017/01/21,18,0.001,0.003,0.022,0.025,0.7,,0.21,2.04,2.25,0.019,,,,,,
36201510,2017/01/21,19,0.001,0.003,0.026,0.029,0.7,,0.20,2.04,2.24,0.024,,,,,,
36201510,2017/01/21,20,0.001,0.004,0.032,0.036,0.8,,0.22,2.04,2.26,0.022,,,,,,
36201510,2017/01/21,21,0.001,0.003,0.027,0.030,0.8,,0.26,2.05,2.31,0.016,,,,,,
36201510,2017/01/21,22,0.001,0.003,0.031,0.034,0.7,,0.25,2.06,2.31,0.010,,,,,,
36201510,2017/01/21,23,0.001,0.001,0.014,0.015,0.6,,0.19,2.04,2.23,0,,,,,,
36201510,2017/01/21,24,0.001,0.001,0.012,0.013,0.6,,0.20,2.04,2.24,0.011,,,,,,
36201510,2017/01/22,01,,0.001,0.015,0.016,0.7,,0.21,2.05,2.26,0.012,,,,,,
36201510,2017/01/22,02,0.001,0.001,0.010,0.011,0.6,,0.23,2.04,2.27,0.013,,,,,,
36201510,2017/01/22,03,0,0.001,0.010,0.011,0.6,,0.22,2.04,2.26,0.020,,,,,,
36201510,2017/01/22,04,0,0.001,0.010,0.011,0.6,,0.18,2.04,2.22,0.014,,,,,,
36201510,2017/01/22,05,0.001,0.001,0.009,0.010,0.6,,0.22,2.02,2.24,0.012,,,,,,
36201510,2017/01/22,06,0.001,0.005,0.021,0.026,0.6,,0.18,2.04,2.22,0.008,,,,,,
36201510,2017/01/22,07,0.001,0.010,0.029,0.039,0.7,,0.23,2.05,2.28,0.020,,,,,,
36201510,2017/01/22,08,0.001,0.007,0.022,0.029,0.7,,0.23,2.04,2.27,0.002,,,,,,
36201510,2017/01/22,09,0.001,0.019,0.036,0.055,0.9,,0.23,2.05,2.28,0.017,,,,,,
36201510,2017/01/22,10,0.001,0.005,0.017,0.022,0.6,,0.23,2.03,2.26,0.026,,,,,,
36201510,2017/01/22,11,0.001,0.003,0.011,0.014,0.5,,0.21,2.00,2.21,0.006,,,,,,
36201510,2017/01/22,12,0.001,0.002,0.006,0.008,0.5,,0.22,1.99,2.21,0.011,,,,,,
36201510,2017/01/22,13,0.001,0.001,0.005,0.006,0.5,,0.16,1.98,2.14,0.010,,,,,,
36201510,2017/01/22,14,0.001,0.001,0.006,0.007,0.5,,0.17,1.99,2.16,0.008,,,,,,
36201510,2017/01/22,15,0.001,0.001,0.006,0.007,0.5,,0.17,2.00,2.17,0.015,,,,,,
36201510,2017/01/22,16,0.001,0.001,0.008,0.009,0.6,,0.15,2.00,2.15,0.021,,,,,,
36201510,2017/01/22,17,0.001,0.002,0.011,0.013,0.6,,0.18,2.01,2.19,0.010,,,,,,
36201510,2017/01/22,18,0.001,0.002,0.013,0.015,0.6,,0.16,1.99,2.15,0.008,,,,,,
36201510,2017/01/22,19,0.001,0.001,0.009,0.010,0.5,,0.14,1.98,2.12,0.002,,,,,,
36201510,2017/01/22,20,0.001,0.001,0.010,0.011,0.5,,0.15,1.98,2.13,0.011,,,,,,
36201510,2017/01/22,21,0.001,0.001,0.011,0.012,0.5,,0.16,1.99,2.15,0.017,,,,,,
36201510,2017/01/22,22,0.002,0.001,0.013,0.014,0.5,,0.13,1.99,2.12,0.002,,,,,,
36201510,2017/01/22,23,0.001,0,0.007,0.007,0.4,,0.13,1.99,2.12,0.004,,,,,,
36201510,2017/01/22,24,0.001,0,0.007,0.007,0.4,,0.11,1.98,2.09,0.002,,,,,,
36201510,2017/01/23,01,0.001,0,0.004,0.004,0.4,,0.17,1.98,2.15,0.006,,,,,,
36201510,2017/01/23,02,0.001,0.001,0.005,0.006,0.4,,0.16,1.98,2.14,0.010,,,,,,
36201510,2017/01/23,03,0.001,0,0.003,0.003,0.4,,0.14,1.98,2.12,0.003,,,,,,
36201510,2017/01/23,04,0.001,0.001,0.004,0.005,0.4,,0.09,1.98,2.07,0.009,,,,,,
36201510,2017/01/23,05,0.001,0.001,0.005,0.006,0.4,,0.10,1.98,2.08,0.012,,,,,,
36201510,2017/01/23,06,0.001,0.002,0.006,0.008,0.4,,0.14,1.98,2.12,0,,,,,,
36201510,2017/01/23,07,0.001,0.003,0.009,0.012,0.4,,0.12,1.98,2.10,0.011,,,,,,
36201510,2017/01/23,08,0.001,0.004,0.013,0.017,0.5,,0.12,1.99,2.11,0.010,,,,,,
36201510,2017/01/23,09,0.001,0.005,0.012,0.017,0.5,,0.18,1.99,2.17,0.001,,,,,,
36201510,2017/01/23,10,0.001,0.003,0.009,0.012,0.5,,0.18,1.99,2.17,0.005,,,,,,
36201510,2017/01/23,11,0.001,0.004,0.009,0.013,0.5,,0.10,1.98,2.08,0,,,,,,
36201510,2017/01/23,12,0.001,0.003,0.008,0.011,0.5,,0.17,1.99,2.16,0.011,,,,,,
36201510,2017/01/23,13,0.001,0.003,0.007,0.010,0.5,,0.15,1.98,2.13,0.012,,,,,,
36201510,2017/01/23,14,0.001,0.003,0.008,0.011,0.5,,0.14,1.98,2.12,0.002,,,,,,
36201510,2017/01/23,15,0.001,0.003,0.007,0.010,0.5,,0.14,1.98,2.12,0.003,,,,,,
36201510,2017/01/23,16,0.001,0.002,0.008,0.010,0.5,,0.13,1.99,2.12,0.012,,,,,,
36201510,2017/01/23,17,0.001,0.002,0.009,0.011,0.5,,0.13,1.99,2.12,0.012,,,,,,
36201510,2017/01/23,18,0.001,0.002,0.010,0.012,0.5,,0.16,1.99,2.15,0.004,,,,,,
36201510,2017/01/23,19,0.001,0.003,0.011,0.014,0.5,,0.16,1.99,2.15,0.019,,,,,,
36201510,2017/01/23,20,0.001,0.001,0.009,0.010,0.5,,0.15,1.99,2.14,0.007,,,,,,
36201510,2017/01/23,21,0.001,0.001,0.009,0.010,0.5,,0.14,1.99,2.13,0,,,,,,
36201510,2017/01/23,22,0.001,0.001,0.008,0.009,0.5,,0.13,2.00,2.13,0,,,,,,
36201510,2017/01/23,23,0.001,0,0.005,0.005,0.5,,0.12,2.00,2.12,0.005,,,,,,
36201510,2017/01/23,24,0,0,0.006,0.006,0.5,,0.11,2.00,2.11,0.005,,,,,,
36201510,2017/01/24,01,0,,,,0.5,,0.13,2.00,2.13,0.003,,,,,,
36201510,2017/01/24,02,0,0,0.004,0.004,0.5,,0.16,2.00,2.16,0,,,,,,
36201510,2017/01/24,03,0,0.001,0.006,0.007,0.5,,0.15,1.99,2.14,0,,,,,,
36201510,2017/01/24,04,0,0.001,0.005,0.006,0.5,,0.12,2.00,2.12,0.016,,,,,,
36201510,2017/01/24,05,0,0.002,0.007,0.009,0.5,,0.08,1.99,2.07,0.005,,,,,,
36201510,2017/01/24,06,0.001,0.002,0.008,0.010,0.5,,0.19,1.99,2.18,0.009,,,,,,
36201510,2017/01/24,07,0.001,0.004,0.012,0.016,0.5,,0.13,2.00,2.13,0.008,,,,,,
36201510,2017/01/24,08,0.001,0.005,0.017,0.022,0.5,,0.16,2.00,2.16,0.013,,,,,,
36201510,2017/01/24,09,0.001,0.005,0.012,0.017,0.5,,0.15,2.00,2.15,0,,,,,,
36201510,2017/01/24,10,0.001,0.006,0.014,0.020,0.5,,0.14,2.00,2.14,0.003,,,,,,
36201510,2017/01/24,11,0.001,0.005,0.011,0.016,0.5,,0.18,2.00,2.18,0.007,,,,,,
36201510,2017/01/24,12,0.001,0.004,0.009,0.013,0.5,,0.15,2.00,2.15,0,,,,,,
36201510,2017/01/24,13,0.001,0.003,0.007,0.010,0.5,,0.17,2.00,2.17,0.004,,,,,,
36201510,2017/01/24,14,0.001,0.003,0.009,0.012,0.5,,0.12,1.99,2.11,0.009,,,,,,
36201510,2017/01/24,15,0.001,0.003,0.012,0.015,0.5,,0.17,2.00,2.17,0.009,,,,,,
36201510,2017/01/24,16,0.001,0.003,0.011,0.014,0.5,,0.21,2.00,2.21,0,,,,,,
36201510,2017/01/24,17,0.001,0.003,0.012,0.015,0.5,,0.14,1.99,2.13,0.013,,,,,,
36201510,2017/01/24,18,0.001,0.002,0.015,0.017,0.6,,0.11,1.99,2.10,0.010,,,,,,
36201510,2017/01/24,19,0.001,0.003,0.017,0.020,0.6,,0.17,2.00,2.17,0.002,,,,,,
36201510,2017/01/24,20,0.001,0.002,0.013,0.015,0.6,,0.15,2.00,2.15,0.017,,,,,,
36201510,2017/01/24,21,0.001,0.001,0.010,0.011,0.5,,0.12,2.00,2.12,0,,,,,,
36201510,2017/01/24,22,0.001,0.003,0.018,0.021,0.6,,0.18,2.00,2.18,0.003,,,,,,
36201510,2017/01/24,23,0.001,0.001,0.009,0.010,0.5,,0.16,2.00,2.16,0.014,,,,,,
36201510,2017/01/24,24,0.001,0.001,0.011,0.012,0.5,,0.16,2.00,2.16,0,,,,,,
36201510,2017/01/25,01,0.001,0.001,0.007,0.008,0.5,,0.18,2.01,2.19,0.004,,,,,,
36201510,2017/01/25,02,0.001,0.001,0.006,0.007,0.5,,0.12,2.02,2.14,0.006,,,,,,
36201510,2017/01/25,03,0.001,0.001,0.007,0.008,0.5,,0.13,2.03,2.16,0.007,,,,,,
36201510,2017/01/25,04,0.001,0,0.006,0.006,0.5,,0.17,2.03,2.20,0.002,,,,,,
36201510,2017/01/25,05,0.001,0.001,0.007,0.008,0.5,,0.14,2.02,2.16,0,,,,,,
36201510,2017/01/25,06,0.001,0.002,0.010,0.012,0.5,,0.13,2.02,2.15,0.011,,,,,,
36201510,2017/01/25,07,0.001,0.005,0.014,0.019,0.5,,0.15,2.01,2.16,0,,,,,,
36201510,2017/01/25,08,0.001,0.006,0.016,0.022,0.6,,0.11,2.02,2.13,0.009,,,,,,
36201510,2017/01/25,09,0.001,0.009,0.019,0.028,0.6,,0.20,2.01,2.21,0.012,,,,,,
36201510,2017/01/25,10,0.002,0.012,0.023,0.035,0.7,,0.19,2.02,2.21,0.003,,,,,,
36201510,2017/01/25,11,0.002,0.009,0.019,0.028,0.6,,0.13,2.01,2.14,0.007,,,,,,
36201510,2017/01/25,12,0.001,0.007,0.016,0.023,0.5,,0.11,2.00,2.11,0.004,,,,,,
36201510,2017/01/25,13,0.001,0.005,0.012,0.017,0.5,,0.12,2.01,2.13,0.001,,,,,,
36201510,2017/01/25,14,0.001,0.007,0.015,0.022,0.5,,0.13,2.00,2.13,0,,,,,,
36201510,2017/01/25,15,0.001,0.007,0.016,0.023,0.5,,0.12,2.00,2.12,0.003,,,,,,
36201510,2017/01/25,16,0.001,0.006,0.018,0.024,0.5,,0.14,2.01,2.15,0.020,,,,,,
36201510,2017/01/25,17,0.001,0.006,0.023,0.029,0.6,,0.13,2.00,2.13,0.002,,,,,,
36201510,2017/01/25,18,0.001,0.007,0.032,0.039,0.7,,0.19,2.01,2.20,0.012,,,,,,
36201510,2017/01/25,19,0.001,0.016,0.048,0.064,0.9,,0.23,2.03,2.26,0.006,,,,,,
36201510,2017/01/25,20,0.001,0.011,0.046,0.057,0.9,,0.28,2.04,2.32,0.010,,,,,,
36201510,2017/01/25,21,0.001,0.005,0.026,0.031,0.8,,0.31,2.06,2.37,0.008,,,,,,
36201510,2017/01/25,22,0.001,0.001,0.008,0.009,0.5,,0.16,2.01,2.17,0.006,,,,,,
36201510,2017/01/25,23,0.001,0.001,0.010,0.011,0.5,,0.16,2.00,2.16,0.018,,,,,,
36201510,2017/01/25,24,0.001,0.001,0.011,0.012,0.5,,0.13,2.00,2.13,0.008,,,,,,
36201510,2017/01/26,01,0,0.002,0.011,0.013,0.5,,,,,0.002,,,,,,
36201510,2017/01/26,02,0,0.001,0.006,0.007,0.5,,0.15,1.96,2.11,0.012,,,,,,
36201510,2017/01/26,03,0,0.001,0.006,0.007,0.5,,0.12,1.95,2.07,0.010,,,,,,
36201510,2017/01/26,04,0,0.001,0.009,0.010,0.5,,0.14,1.95,2.09,0.008,,,,,,
36201510,2017/01/26,05,0.001,0.002,0.010,0.012,0.5,,0.15,1.95,2.10,0,,,,,,
36201510,2017/01/26,06,0.001,0.007,0.024,0.031,0.5,,0.14,1.94,2.08,0.001,,,,,,
36201510,2017/01/26,07,0.001,0.005,0.014,0.019,0.5,,0.12,1.95,2.07,0.022,,,,,,
36201510,2017/01/26,08,0.001,0.008,0.022,0.030,0.6,,0.16,1.95,2.11,0.007,,,,,,
36201510,2017/01/26,09,0.001,0.015,0.028,0.043,0.7,,0.17,1.95,2.12,0.005,,,,,,
36201510,2017/01/26,10,0.001,0.012,0.025,0.037,0.6,,0.16,1.95,2.11,0.012,,,,,,
36201510,2017/01/26,11,0.001,0.015,0.030,0.045,0.6,,0.14,1.96,2.10,0,,,,,,
36201510,2017/01/26,12,0.002,0.005,0.016,0.021,0.6,,0.17,1.95,2.12,0.013,,,,,,
36201510,2017/01/26,13,0.002,0.008,0.018,0.026,0.7,,0.13,1.95,2.08,0.018,,,,,,
36201510,2017/01/26,14,0.002,0.008,0.015,0.023,0.7,,0.16,1.95,2.11,0.004,,,,,,
36201510,2017/01/26,15,0.002,0.011,0.018,0.029,0.6,,0.18,1.94,2.12,0.006,,,,,,
36201510,2017/01/26,16,0.001,0.009,0.018,0.027,0.6,,0.16,1.95,2.11,0.004,,,,,,
36201510,2017/01/26,17,0.001,0.011,0.025,0.036,0.7,,0.17,1.95,2.12,0.007,,,,,,
36201510,2017/01/26,18,0.002,0.005,0.025,0.030,0.8,,0.20,1.95,2.15,0.020,,,,,,
36201510,2017/01/26,19,0.002,0.006,0.031,0.037,0.8,,0.19,1.97,2.16,0.009,,,,,,
36201510,2017/01/26,20,0.002,0.004,0.029,0.033,0.8,,0.30,1.98,2.28,0.017,,,,,,
36201510,2017/01/26,21,0.002,0.004,0.031,0.035,0.8,,0.26,1.98,2.24,0.012,,,,,,
36201510,2017/01/26,22,0.001,0.013,0.037,0.050,0.8,,0.31,1.98,2.29,0.010,,,,,,
36201510,2017/01/26,23,0.001,0.005,0.023,0.028,0.7,,0.25,1.97,2.22,0.006,,,,,,
36201510,2017/01/26,24,0.001,0.003,0.023,0.026,0.7,,0.19,1.98,2.17,0.003,,,,,,
36201510,2017/01/27,01,,0.002,0.016,0.018,0.6,,0.21,1.96,2.17,0.003,,,,,,
36201510,2017/01/27,02,0,0.003,0.017,0.020,0.6,,0.21,1.97,2.18,0,,,,,,
36201510,2017/01/27,03,0,0.001,0.012,0.013,0.6,,0.17,1.95,2.12,0.001,,,,,,
36201510,2017/01/27,04,0,0.003,0.015,0.018,0.6,,0.19,1.95,2.14,0.014,,,,,,
36201510,2017/01/27,05,0,0.006,0.019,0.025,0.5,,0.20,1.99,2.19,0,,,,,,
36201510,2017/01/27,06,0.001,0.036,0.034,0.070,0.6,,0.20,1.99,2.19,0,,,,,,
36201510,2017/01/27,07,0.001,0.082,0.047,0.129,0.8,,0.20,1.97,2.17,0.010,,,,,,
36201510,2017/01/27,08,0.001,0.039,0.040,0.079,1.0,,0.25,1.97,2.22,0.001,,,,,,
36201510,2017/01/27,09,0.001,0.049,0.040,0.089,1.0,,0.28,1.98,2.26,0.002,,,,,,
36201510,2017/01/27,10,0.002,0.048,0.040,0.088,1.1,,0.32,1.97,2.29,0.021,,,,,,
36201510,2017/01/27,11,0.002,0.027,0.038,0.065,0.9,,0.36,1.97,2.33,0.008,,,,,,
36201510,2017/01/27,12,0.002,0.013,0.026,0.039,0.7,,0.33,1.96,2.29,0.012,,,,,,
36201510,2017/01/27,13,0.003,0.009,0.023,0.032,0.6,,0.26,1.94,2.20,0.018,,,,,,
36201510,2017/01/27,14,0.002,0.008,0.022,0.030,0.7,,0.20,1.94,2.14,0.028,,,,,,
36201510,2017/01/27,15,0.002,0.004,0.015,0.019,0.5,,0.19,1.93,2.12,0.006,,,,,,
36201510,2017/01/27,16,0.001,0.003,0.012,0.015,0.5,,0.22,1.93,2.15,0.008,,,,,,
36201510,2017/01/27,17,0.001,0.002,0.013,0.015,0.5,,0.15,1.93,2.08,0.015,,,,,,
36201510,2017/01/27,18,0.001,0.002,0.014,0.016,0.6,,0.19,1.94,2.13,0.016,,,,,,
36201510,2017/01/27,19,0.001,0.002,0.013,0.015,0.6,,0.20,1.94,2.14,0.003,,,,,,
36201510,2017/01/27,20,0.001,0.001,0.009,0.010,0.6,,0.19,1.94,2.13,0.012,,,,,,
36201510,2017/01/27,21,0.001,0.002,0.019,0.021,0.7,,0.19,1.96,2.15,0.015,,,,,,
36201510,2017/01/27,22,0.001,0.002,0.019,0.021,0.7,,0.20,1.96,2.16,0.030,,,,,,
36201510,2017/01/27,23,0.001,0.002,0.019,0.021,0.7,,0.19,1.98,2.17,0.025,,,,,,
36201510,2017/01/27,24,0.001,0.001,0.018,0.019,0.7,,0.18,1.97,2.15,0.023,,,,,,
36201510,2017/01/28,01,0.001,0.001,0.014,0.015,0.7,,0.17,1.98,2.15,0.001,,,,,,
36201510,2017/01/28,02,0.001,0.001,0.016,0.017,0.7,,0.20,1.99,2.19,0.029,,,,,,
36201510,2017/01/28,03,0.001,0.001,0.014,0.015,0.6,,0.19,1.99,2.18,0.021,,,,,,
36201510,2017/01/28,04,0.001,0.001,0.011,0.012,0.6,,0.20,2.00,2.20,0.020,,,,,,
36201510,2017/01/28,05,0.001,0.001,0.011,0.012,0.6,,0.18,2.00,2.18,0.006,,,,,,
36201510,2017/01/28,06,0.001,0.010,0.036,0.046,0.7,,0.17,1.98,2.15,0.006,,,,,,
36201510,2017/01/28,07,0.001,0.053,0.051,0.104,0.8,,0.20,2.00,2.20,0.030,,,,,,
36201510,2017/01/28,08,0.001,0.016,0.032,0.048,0.8,,0.20,1.99,2.19,0.027,,,,,,
36201510,2017/01/28,09,0.001,0.018,0.031,0.049,0.8,,0.20,1.98,2.18,0.023,,,,,,
36201510,2017/01/28,10,0.001,0.009,0.023,0.032,0.7,,0.22,1.97,2.19,0.011,,,,,,
36201510,2017/01/28,11,0.001,0.006,0.017,0.023,0.7,,0.19,1.97,2.16,0.019,,,,,,
36201510,2017/01/28,12,0.001,0.005,0.016,0.021,0.6,,0.17,1.95,2.12,0.014,,,,,,
36201510,2017/01/28,13,0.001,0.005,0.013,0.018,0.7,,0.17,1.95,2.12,0.012,,,,,,
36201510,2017/01/28,14,0.001,0.007,0.016,0.023,0.7,,0.19,1.96,2.15,0.018,,,,,,
36201510,2017/01/28,15,0.001,0.006,0.015,0.021,0.7,,0.19,1.96,2.15,0.011,,,,,,
36201510,2017/01/28,16,0.001,0.008,0.018,0.026,0.7,,0.16,1.96,2.12,0.014,,,,,,
36201510,2017/01/28,17,0.001,0.005,0.019,0.024,0.7,,0.17,1.96,2.13,0.010,,,,,,
36201510,2017/01/28,18,0.001,0.004,0.028,0.032,0.7,,0.22,1.96,2.18,0.007,,,,,,
36201510,2017/01/28,19,0.001,0.006,0.038,0.044,0.9,,0.20,1.97,2.17,0.018,,,,,,
36201510,2017/01/28,20,0.001,0.004,0.031,0.035,0.9,,0.35,2.00,2.35,0.019,,,,,,
36201510,2017/01/28,21,0.001,0.009,0.039,0.048,0.9,,0.32,2.01,2.33,0.028,,,,,,
36201510,2017/01/28,22,0.001,0.004,0.027,0.031,0.9,,0.30,1.99,2.29,0.029,,,,,,
36201510,2017/01/28,23,0,0.003,0.022,0.025,0.9,,0.22,1.99,2.21,0.014,,,,,,
36201510,2017/01/28,24,0,0.001,0.017,0.018,0.7,,0.22,1.98,2.20,0.019,,,,,,
36201510,2017/01/29,01,0,,,,0.7,,0.26,1.98,2.24,0.028,,,,,,
36201510,2017/01/29,02,0,0.001,0.014,0.015,0.7,,0.22,2.00,2.22,0.018,,,,,,
36201510,2017/01/29,03,0,0.001,0.014,0.015,0.7,,0.26,1.99,2.25,0.021,,,,,,
36201510,2017/01/29,04,0,0.002,0.013,0.015,0.7,,0.22,1.98,2.20,0.015,,,,,,
36201510,2017/01/29,05,0,0.002,0.012,0.014,0.7,,0.18,1.98,2.16,0.017,,,,,,
36201510,2017/01/29,06,0,0.004,0.015,0.019,0.7,,0.19,1.97,2.16,0.017,,,,,,
36201510,2017/01/29,07,0,0.011,0.020,0.031,0.8,,0.24,1.97,2.21,0.018,,,,,,
36201510,2017/01/29,08,0,0.019,0.025,0.044,0.9,,0.83,1.99,2.82,0.013,,,,,,
36201510,2017/01/29,09,0,0.017,0.026,0.043,1.0,,0.41,1.99,2.40,0.008,,,,,,
36201510,2017/01/29,10,0.001,0.025,0.028,0.053,0.9,,0.32,2.00,2.32,0.015,,,,,,
36201510,2017/01/29,11,0.001,0.010,0.023,0.033,0.9,,0.28,1.99,2.27,0.015,,,,,,
36201510,2017/01/29,12,0.001,0.005,0.016,0.021,0.7,,0.22,1.96,2.18,0.017,,,,,,
36201510,2017/01/29,13,0.002,0.006,0.018,0.024,0.8,,0.24,1.96,2.20,0.025,,,,,,
36201510,2017/01/29,14,0.002,0.006,0.020,0.026,0.8,,0.25,1.98,2.23,0.018,,,,,,
36201510,2017/01/29,15,0.003,0.009,0.023,0.032,0.8,,0.28,1.97,2.25,0.035,,,,,,
36201510,2017/01/29,16,0.003,0.007,0.025,0.032,0.8,,0.26,1.98,2.24,0.022,,,,,,
36201510,2017/01/29,17,0.002,0.006,0.031,0.037,0.8,,0.28,1.99,2.27,0.029,,,,,,
36201510,2017/01/29,18,0.002,0.009,0.041,0.050,0.8,,0.23,1.99,2.22,0.021,,,,,,
36201510,2017/01/29,19,0.002,0.008,0.041,0.049,0.9,,0.26,2.00,2.26,0.041,,,,,,
36201510,2017/01/29,20,0.002,0.008,0.040,0.048,0.9,,0.29,2.00,2.29,0.025,,,,,,
36201510,2017/01/29,21,0.002,0.005,0.033,0.038,0.8,,0.29,2.01,2.30,0.023,,,,,,
36201510,2017/01/29,22,0.002,0.004,0.032,0.036,0.8,,0.21,1.99,2.20,0.035,,,,,,
36201510,2017/01/29,23,0.002,0.004,0.032,0.036,0.8,,0.22,2.00,2.22,0.039,,,,,,
36201510,2017/01/29,24,0.001,0.004,0.028,0.032,0.8,,0.26,1.98,2.24,0.039,,,,,,
36201510,2017/01/30,01,0.001,0.003,0.028,0.031,0.8,,0.24,2.00,2.24,0.028,,,,,,
36201510,2017/01/30,02,0.001,0.001,0.024,0.025,0.8,,0.24,2.00,2.24,0.035,,,,,,
36201510,2017/01/30,03,0.001,0.003,0.022,0.025,0.8,,0.24,2.02,2.26,0.038,,,,,,
36201510,2017/01/30,04,0.001,0.006,0.023,0.029,0.8,,0.26,2.02,2.28,0.033,,,,,,
36201510,2017/01/30,05,0.001,0.010,0.024,0.034,0.8,,0.29,2.04,2.33,0.035,,,,,,
36201510,2017/01/30,06,0.001,0.028,0.026,0.054,0.9,,0.27,2.05,2.32,0.032,,,,,,
36201510,2017/01/30,07,0.001,0.025,0.023,0.048,0.9,,0.32,2.03,2.35,0.030,,,,,,
36201510,2017/01/30,08,0.001,0.027,0.022,0.049,1.0,,0.35,2.02,2.37,0.031,,,,,,
36201510,2017/01/30,09,0.001,0.051,0.027,0.078,1.1,,0.33,2.04,2.37,0.043,,,,,,
36201510,2017/01/30,10,0.001,0.043,0.031,0.074,1.0,,0.33,2.00,2.33,0.034,,,,,,
36201510,2017/01/30,11,0.001,0.025,0.029,0.054,0.9,,0.27,1.98,2.25,0.028,,,,,,
36201510,2017/01/30,12,0.001,0.006,0.017,0.023,0.8,,0.26,1.96,2.22,0,,,,,,
36201510,2017/01/30,13,0.001,0.004,0.016,0.020,0.7,,0.18,1.93,2.11,0,,,,,,
36201510,2017/01/30,14,0.001,0.004,0.015,0.019,0.7,,0.20,1.94,2.14,0.001,,,,,,
36201510,2017/01/30,15,0.001,0.004,0.018,0.022,0.7,,0.24,1.95,2.19,0.003,,,,,,
36201510,2017/01/30,16,0.001,0.003,0.018,0.021,0.7,,0.22,1.95,2.17,0.007,,,,,,
36201510,2017/01/30,17,0.002,0.002,0.017,0.019,0.8,,0.19,1.97,2.16,0.029,,,,,,
36201510,2017/01/30,18,0.002,0.001,0.015,0.016,0.7,,0.15,1.96,2.11,0.015,,,,,,
36201510,2017/01/30,19,0.001,0.001,0.012,0.013,0.6,,0.15,1.95,2.10,0.006,,,,,,
36201510,2017/01/30,20,0.001,0.001,0.011,0.012,0.6,,0.18,1.94,2.12,0.010,,,,,,
36201510,2017/01/30,21,0.001,0.001,0.008,0.009,0.6,,0.12,1.95,2.07,0.015,,,,,,
36201510,2017/01/30,22,0.001,0,0.007,0.007,0.6,,0.20,1.95,2.15,0.022,,,,,,
36201510,2017/01/30,23,0.001,0.001,0.009,0.010,0.6,,0.16,1.96,2.12,0.006,,,,,,
36201510,2017/01/30,24,0.001,0.001,0.008,0.009,0.6,,0.18,1.96,2.14,0.008,,,,,,
36201510,2017/01/31,01,0,0,0.003,0.003,,,0.13,1.96,2.09,0.011,,,,,,
36201510,2017/01/31,02,0,0,0.003,0.003,0.2,,0.17,1.96,2.13,0.013,,,,,,
36201510,2017/01/31,03,0,0,0.003,0.003,0.3,,0.19,1.96,2.15,0.014,,,,,,
36201510,2017/01/31,04,0.001,0.001,0.003,0.004,0.2,,0.18,1.96,2.14,0.014,,,,,,
36201510,2017/01/31,05,0.001,0.002,0.006,0.008,0.3,,0.12,1.97,2.09,0.001,,,,,,
36201510,2017/01/31,06,0.001,0.003,0.011,0.014,0.3,,0.14,1.98,2.12,0.007,,,,,,
36201510,2017/01/31,07,0.001,0.003,0.011,0.014,0.3,,0.11,1.96,2.07,0.004,,,,,,
36201510,2017/01/31,08,0.001,0.004,0.018,0.022,0.3,,0.19,1.97,2.16,0.010,,,,,,
36201510,2017/01/31,09,0.001,0.009,0.024,0.033,0.4,,0.15,1.98,2.13,0.008,,,,,,
36201510,2017/01/31,10,0.001,0.010,0.025,0.035,0.3,,0.14,1.98,2.12,0.008,,,,,,
36201510,2017/01/31,11,0.001,0.005,0.014,0.019,0.3,,0.13,1.99,2.12,0,,,,,,
36201510,2017/01/31,12,0.001,0.005,0.011,0.016,0.2,,0.14,1.96,2.10,0.008,,,,,,
36201510,2017/01/31,13,0.001,0.004,0.009,0.013,0.2,,0.14,1.96,2.10,0.021,,,,,,
36201510,2017/01/31,14,0.001,0.004,0.010,0.014,0.2,,0.13,1.96,2.09,0.004,,,,,,
36201510,2017/01/31,15,0.001,0.007,0.014,0.021,0.2,,0.17,1.95,2.12,0.019,,,,,,
36201510,2017/01/31,16,0.001,0.006,0.014,0.020,0.3,,0.14,1.95,2.09,0.001,,,,,,
36201510,2017/01/31,17,0.001,0.005,0.017,0.022,0.3,,0.16,1.95,2.11,0.013,,,,,,
36201510,2017/01/31,18,0.001,0.005,0.021,0.026,0.4,,0.15,1.96,2.11,0.005,,,,,,
36201510,2017/01/31,19,0.001,0.004,0.026,0.030,0.3,,0.20,1.96,2.16,0.010,,,,,,
36201510,2017/01/31,20,0.001,0.004,0.027,0.031,0.4,,0.19,1.97,2.16,0.009,,,,,,
36201510,2017/01/31,21,0.001,0.003,0.025,0.028,0.4,,0.27,1.98,2.25,0.023,,,,,,
36201510,2017/01/31,22,0,0.003,0.021,0.024,0.3,,0.17,1.97,2.14,0.003,,,,,,
36201510,2017/01/31,23,0,0.004,0.022,0.026,0.4,,0.20,1.98,2.18,0.013,,,,,,
36201510,2017/01/31,24,0,0.008,0.029,0.037,0.3,,0.17,1.98,2.15,0.015,,,,,,
